1 0.690625 0.55078125 0.61875 0.0921875
1 0.36796875 0.5171875 0.1046875 0.9375
2 0.8140625 0.775 0.371875 0.44375
2 0.69765625 0.57578125 0.0484375 0.0265625
1 0.77578125 0.7 0.1546875 0.1
2 0.1734375 0.62578125 0.346875 0.7484375
1 0.35546875 0.15703125 0.0484375 0.1578125
1 0.98359375 0.659375 0.0328125 0.046875
2 0.18125 0.11953125 0.34375 0.2359375
1 0.56953125 0.24296875 0.0453125 0.0609375
1 0.66875 0.15703125 0.08125 0.0421875
2 0.86328125 0.10703125 0.2734375 0.2109375
1 0.74921875 0.36953125 0.0921875 0.0765625
1 0.23125 0.0765625 0.03125 0.034375
1 0.85078125 0.146875 0.0296875 0.01875
1 0.35625 0.9671875 0.025 0.065625
2 0.00859375 0.13828125 0.0171875 0.0234375
1 0.54453125 0.3890625 0.1421875 0.090625
1 0.26328125 0.53671875 0.1546875 0.1234375