2 0.5 0.6375 0.9875 0.3125
1 0.9125 0.74375 0.15625 0.06875
2 0.10703125 0.57890625 0.2078125 0.1390625
2 0.7375 0.603125 0.05 0.034375
1 0.325 0.50703125 0.16875 0.0453125
2 0.3546875 0.2359375 0.659375 0.46875
1 0.43203125 0.98515625 0.8546875 0.0296875
2 0.1859375 0.51953125 0.059375 0.0296875
2 0.85703125 0.309375 0.2859375 0.571875
2 0.99296875 0.76015625 0.0140625 0.0234375
1 0.95546875 0.3375 0.0328125 0.04375
1 0.56640625 0.61796875 0.0328125 0.0265625
1 0.09375 0.99375 0.09375 0.0125
2 0.37265625 0.9953125 0.1078125 0.009375
1 0.8875 0.0546875 0.06875 0.078125
1 0.93203125 0.18828125 0.0640625 0.0703125
1 0.23828125 0.97578125 0.0640625 0.0328125
1 0.2625 0.8375 0.0625 0.075
1 0.88671875 0.3125 0.0296875 0.025
1 0.65546875 0.99453125 0.1796875 0.0109375