1 0.49921875 0.4625 0.9703125 0.25
2 0.84296875 0.403125 0.2671875 0.06875
1 0.3328125 0.55 0.346875 0.0625
1 0.0875 0.48671875 0.16875 0.1421875
2 0.5578125 0.496875 0.034375 0.028125
1 0.2921875 0.4 0.09375 0.05
2 0.315625 0.77421875 0.63125 0.4515625
1 0.046875 0.60390625 0.09375 0.1171875
2 0.9671875 0.37890625 0.065625 0.0453125
2 0.6609375 0.52578125 0.103125 0.1265625
1 0.85625 0.775 0.01875 0.03125
0 0.43125 0.565625 0.04375 0.034375
1 0.1375 0.58515625 0.075 0.0671875
2 0.17265625 0.4109375 0.0921875 0.0625
1 0.028125 0.24453125 0.05625 0.1109375
2 0.85234375 0.74296875 0.2953125 0.4984375
1 0.84765625 0.96171875 0.1296875 0.0671875
1 0.41953125 0.23671875 0.0921875 0.0921875
1 0.4375 0.0625 0.025 0.0625