2 0.49921875 0.46875 0.9859375 0.45625
2 0.85078125 0.496875 0.2421875 0.0875
2 0.1390625 0.51796875 0.2625 0.0734375
2 0.40078125 0.57421875 0.3203125 0.1140625
2 0.240625 0.14765625 0.48125 0.2953125
2 0.675 0.66640625 0.225 0.0734375
2 0.90625 0.584375 0.1875 0.134375
2 0.29375 0.79375 0.5875 0.40625
2 0.03125 0.51875 0.0625 0.03125
2 0.7390625 0.15390625 0.521875 0.3046875
1 0.55625 0.95078125 0.03125 0.0515625
2 0.840625 0.81796875 0.31875 0.3609375
1 0.44296875 0.9 0.1734375 0.13125
1 0.04921875 0.33828125 0.0296875 0.0578125
1 0.28203125 0.93828125 0.0328125 0.0421875
1 0.6875 0.2484375 0.05 0.04375
1 0.98203125 0.85078125 0.0234375 0.0421875
1 0.36640625 0.82578125 0.0265625 0.0359375
1 0.8125 0.9421875 0.1125 0.084375
1 0.3015625 0.83515625 0.025 0.0328125
2 0.59375 0.6953125 0.025 0.0375