1 0.62421875 0.425 0.2421875 0.21875
1 0.34375 0.5546875 0.6375 0.28125
1 0.8234375 0.3265625 0.325 0.0625
1 0.42890625 0.55390625 0.1640625 0.0953125
1 0.06640625 0.675 0.1078125 0.0625
1 0.2296875 0.62578125 0.184375 0.0671875
2 0.76875 0.16015625 0.4625 0.3203125
1 0.53046875 0.5234375 0.1265625 0.05625
2 0.79140625 0.33515625 0.0453125 0.0234375
1 0.07421875 0.94375 0.0484375 0.06875
2 0.20625 0.18203125 0.4125 0.3546875
1 0.61796875 0.32265625 0.0578125 0.0515625
2 0.2484375 0.8359375 0.496875 0.328125
2 0.71640625 0.3109375 0.0515625 0.053125
0 0.2640625 0.64375 0.05 0.025
1 0.4125 0.4359375 0.0375 0.065625
1 0.71328125 0.01796875 0.0421875 0.0359375
1 0.89921875 0.58671875 0.0390625 0.0359375
2 0.0078125 0.70703125 0.015625 0.0328125
1 0.28125 0.8171875 0.075 0.06875
1 0.71171875 0.61875 0.0203125 0.03125
1 0.0734375 0.4875 0.015625 0.025
2 0.853125 0.7640625 0.29375 0.43125
1 0.02265625 0.89765625 0.0171875 0.0390625
1 0.80703125 0.91953125 0.0296875 0.0390625
0 0.91796875 0.31796875 0.0421875 0.0203125
1 0.5046875 0.99296875 0.03125 0.0140625
1 0.57421875 0.31796875 0.0453125 0.0390625