2 0.46328125 0.48046875 0.5140625 0.3109375
2 0.41796875 0.56953125 0.1140625 0.0796875
2 0.8390625 0.503125 0.31875 0.203125
2 0.1734375 0.2671875 0.3 0.346875
2 0.29765625 0.45703125 0.0640625 0.0421875
2 0.44921875 0.65625 0.1421875 0.1375
2 0.98515625 0.40703125 0.0296875 0.0765625
1 0.65390625 0.5890625 0.1734375 0.1125
2 0.77109375 0.7859375 0.4578125 0.428125
1 0.46328125 0.171875 0.1265625 0.153125
2 0.265625 0.790625 0.53125 0.41875
2 0.26015625 0.4 0.0921875 0.0875
2 0.80234375 0.15 0.3953125 0.29375
1 0.19453125 0.565625 0.1046875 0.084375
2 0.93125 0.50546875 0.025 0.0421875
1 0.4171875 0.0609375 0.115625 0.121875
1 0.00703125 0.95078125 0.0140625 0.0359375