1 0.475 0.48828125 0.94375 0.1546875
2 0.73515625 0.55078125 0.0921875 0.0328125
1 0.434375 0.46015625 0.2125 0.0640625
1 0.11015625 0.44453125 0.2015625 0.0515625
2 0.18125 0.19765625 0.3625 0.3921875
1 0.27578125 0.44765625 0.1640625 0.0453125
1 0.95390625 0.54140625 0.0453125 0.0515625
1 0.25078125 0.82578125 0.0703125 0.0359375
1 0.03125 0.78125 0.05 0.01875
1 0.4875 0.64921875 0.9625 0.1921875
1 0.38671875 0.56953125 0.0796875 0.0546875
1 0.8046875 0.525 0.121875 0.0625
1 0.88125 0.775 0.025 0.025
1 0.98515625 0.68125 0.0171875 0.025
1 0.96640625 0.9640625 0.0203125 0.028125
1 0.55390625 0.59921875 0.0296875 0.0234375
1 0.98203125 0.7578125 0.0359375 0.0375
1 0.2171875 0.59453125 0.025 0.0203125
1 0.91640625 0.3375 0.0265625 0.025
1 0.43125 0.38046875 0.03125 0.0359375
1 0.8421875 0.2234375 0.025 0.03125
1 0.2171875 0.540625 0.071875 0.121875
1 0.36875 0.4609375 0.03125 0.025
1 0.909375 0.3109375 0.09375 0.09375
1 0.89375 0.94375 0.01875 0.01875
1 0.64453125 0.96640625 0.0546875 0.0546875
1 0.45703125 0.59296875 0.0203125 0.0234375