1 0.49921875 0.4875 0.9765625 0.18125
2 0.0875 0.46015625 0.1625 0.0796875
2 0.7671875 0.5421875 0.2125 0.053125
2 0.15625 0.4921875 0.06875 0.025
2 0.32421875 0.21328125 0.6484375 0.4171875
2 0.01875 0.43515625 0.0375 0.0203125
2 0.81796875 0.775 0.3640625 0.45
2 0.15 0.73828125 0.3 0.5140625
2 0.234375 0.49296875 0.090625 0.0296875
2 0.9609375 0.484375 0.025 0.015625
2 0.853125 0.17421875 0.29375 0.3328125
1 0.59375 0.05703125 0.05 0.0984375
2 0.47265625 0.81796875 0.4671875 0.3546875
1 0.38828125 0.42421875 0.0546875 0.0484375
1 0.534375 0.93828125 0.103125 0.0765625
1 0.8234375 0.41796875 0.08125 0.1546875
1 0.5203125 0.93828125 0.028125 0.0265625