1 0.4890625 0.42578125 0.978125 0.2046875
0 0.79453125 0.33828125 0.2421875 0.0546875
2 0.90078125 0.52578125 0.1984375 0.0515625
1 0.35 0.4390625 0.225 0.0625
2 0.52265625 0.41875 0.0828125 0.0625
1 0.09296875 0.3890625 0.1765625 0.053125
2 0.20546875 0.175 0.4109375 0.34375
2 0.9046875 0.35703125 0.046875 0.0359375
2 0.790625 0.75625 0.41875 0.475
2 0.46171875 0.44296875 0.0484375 0.0296875
1 0.1890625 0.93828125 0.04375 0.0609375
1 0.02890625 0.81328125 0.0453125 0.0578125
1 0.08671875 0.753125 0.1734375 0.175
1 0.38046875 0.465625 0.0390625 0.025
1 0.21875 0.41875 0.10625 0.03125