2 0.18046875 0.58125 0.3453125 0.15625
1 0.50703125 0.4484375 0.9734375 0.2125
1 0.425 0.43828125 0.2 0.0953125
0 0.0203125 0.55390625 0.040625 0.0515625
2 0.80703125 0.4609375 0.0515625 0.053125
2 0.23671875 0.31875 0.0796875 0.09375
2 0.18671875 0.63125 0.0859375 0.04375
2 0.2328125 0.81796875 0.465625 0.3640625
2 0.06875 0.4421875 0.1375 0.0625
2 0.33203125 0.55625 0.0546875 0.04375
1 0.95390625 0.60546875 0.0484375 0.0734375
1 0.05 0.12421875 0.0875 0.1046875
1 0.0140625 0.7375 0.028125 0.05
1 0.15703125 0.05546875 0.0609375 0.0984375
1 0.628125 0.95078125 0.0375 0.0328125
1 0.4234375 0.44453125 0.040625 0.0359375
1 0.57578125 0.71015625 0.0578125 0.0765625