1 0.4921875 0.48125 0.984375 0.1125
2 0.7703125 0.24375 0.459375 0.475
2 0.28671875 0.23828125 0.5734375 0.4671875
2 0.240625 0.74296875 0.48125 0.4984375
2 0.4859375 0.45703125 0.109375 0.0328125
2 0.79765625 0.4921875 0.0546875 0.04375
2 0.56640625 0.46875 0.0671875 0.0375
2 0.88515625 0.74453125 0.2296875 0.5046875
0 0.05546875 0.49296875 0.1109375 0.0453125
2 0.85546875 0.51171875 0.1109375 0.0484375
2 0.64375 0.46953125 0.11875 0.0421875
2 0.9546875 0.48203125 0.090625 0.0453125
1 0.81796875 0.66953125 0.0796875 0.0890625
1 0.62265625 0.23046875 0.0484375 0.1046875
1 0.4484375 0.25625 0.075 0.13125
1 0.675 0.41953125 0.025 0.0578125
1 0.69765625 0.93046875 0.0390625 0.0984375
1 0.1015625 0.89375 0.034375 0.05625
2 0.74921875 0.46875 0.0484375 0.03125
1 0.37421875 0.6125 0.0515625 0.0875
2 0.4109375 0.44375 0.053125 0.03125
1 0.52265625 0.90625 0.0546875 0.1375
2 0.1625 0.51171875 0.0375 0.0234375
1 0.12578125 0.06953125 0.0828125 0.0828125
1 0.1734375 0.9625 0.103125 0.05625
1 0.50703125 0.03125 0.0578125 0.05625
1 0.94296875 0.34453125 0.0265625 0.0265625
2 0.984375 0.44921875 0.021875 0.0140625
2 0.26015625 0.46953125 0.0453125 0.0296875
1 0.5703125 0.02265625 0.0375 0.0421875