2 0.44375 0.46640625 0.71875 0.8640625
2 0.33828125 0.40625 0.1953125 0.1875
2 0.64296875 0.77421875 0.2640625 0.1765625
2 0.2359375 0.26171875 0.08125 0.2828125
2 0.11875 0.08125 0.19375 0.1375
2 0.825 0.175 0.35 0.34375
1 0.84453125 0.96796875 0.0484375 0.0609375
1 0.46171875 0.56015625 0.1296875 0.0859375
1 0.6125 0.74453125 0.0875 0.0515625
1 0.55703125 0.4734375 0.0640625 0.11875
1 0.13046875 0.534375 0.1234375 0.13125
2 0.2640625 0.35546875 0.046875 0.0578125
1 0.41015625 0.4875 0.0265625 0.03125
1 0.3359375 0.39296875 0.03125 0.0609375
2 0.1203125 0.84453125 0.228125 0.2953125