1 0.50703125 0.4265625 0.9734375 0.13125
2 0.834375 0.2078125 0.33125 0.390625
2 0.746875 0.70546875 0.50625 0.5703125
2 0.42578125 0.18671875 0.5140625 0.3640625
2 0.16953125 0.41171875 0.0984375 0.0515625
2 0.09453125 0.046875 0.1765625 0.09375
2 0.2421875 0.80703125 0.484375 0.3859375
1 0.025 0.66171875 0.05 0.0265625
2 0.46328125 0.4671875 0.0421875 0.025
2 0.42890625 0.52421875 0.0328125 0.0234375
1 0.27421875 0.315625 0.0390625 0.028125
1 0.08046875 0.95078125 0.0234375 0.0328125
1 0.46328125 0.96328125 0.0796875 0.0734375
2 0.41328125 0.48203125 0.0578125 0.0359375
1 0.52421875 0.47421875 0.0234375 0.0390625
1 0.0125 0.30078125 0.025 0.0828125
1 0.02265625 0.0203125 0.0421875 0.040625
1 0.78515625 0.31953125 0.0484375 0.0296875