2 0.65078125 0.64140625 0.3296875 0.2859375
1 0.80625 0.49375 0.04375 0.96875
1 0.2625 0.48671875 0.51875 0.1421875
2 0.56640625 0.2484375 0.5140625 0.496875
0 0.70078125 0.5 0.2265625 0.075
2 0.17421875 0.23125 0.3484375 0.4625
2 0.321875 0.54140625 0.11875 0.0421875
2 0.73671875 0.75 0.1109375 0.05
2 0.53046875 0.49453125 0.1109375 0.0421875
2 0.6125 0.68515625 0.05 0.0453125
2 0.6671875 0.7234375 0.08125 0.046875
2 0.2203125 0.51875 0.071875 0.0375
2 0.09296875 0.4875 0.0328125 0.025
2 0.790625 0.53125 0.03125 0.025
1 0.81875 0.06484375 0.0375 0.1296875
1 0.9359375 0.81875 0.059375 0.04375
1 0.39453125 0.76015625 0.1046875 0.0890625
1 0.65703125 0.3046875 0.0421875 0.0375
1 0.40078125 0.5296875 0.0609375 0.025
2 0.50546875 0.5203125 0.0265625 0.034375