2 0.75 0.77578125 0.46875 0.4015625
1 0.425 0.296875 0.25625 0.59375
1 0.52578125 0.596875 0.3203125 0.146875
2 0.74609375 0.325 0.5078125 0.64375
2 0.1109375 0.421875 0.209375 0.13125
2 0.28515625 0.74296875 0.5703125 0.5078125
1 0.3609375 0.534375 0.153125 0.0875
1 0.51171875 0.13125 0.0515625 0.20625
2 0.91796875 0.89140625 0.1171875 0.1484375
2 0.8203125 0.75625 0.115625 0.125
1 0.4515625 0.471875 0.075 0.184375
2 0.56171875 0.60625 0.0765625 0.04375
2 0.6953125 0.66328125 0.06875 0.0515625
1 0.81171875 0.146875 0.0640625 0.29375
2 0.96640625 0.946875 0.0578125 0.059375