1 0.51171875 0.2859375 0.1890625 0.571875
2 0.43125 0.74375 0.08125 0.5125
2 0.71796875 0.52421875 0.1890625 0.1171875
2 0.4671875 0.125 0.03125 0.25
2 0.45546875 0.61328125 0.0359375 0.1109375
2 0.4984375 0.51640625 0.19375 0.0359375
2 0.46640625 0.2859375 0.0296875 0.1125
2 0.821875 0.4875 0.35625 0.9625
2 0.44375 0.43828125 0.03125 0.1953125
2 0.46328125 0.21328125 0.0171875 0.0328125
2 0.171875 0.93515625 0.128125 0.1296875
2 0.60078125 0.5125 0.0578125 0.06875
1 0.79296875 0.6171875 0.0703125 0.053125
1 0.90625 0.66328125 0.15 0.0765625
2 0.80703125 0.49296875 0.0203125 0.0296875
2 0.44921875 0.97890625 0.0171875 0.0390625
1 0.87421875 0.13828125 0.0265625 0.0359375
1 0.86171875 0.6625 0.0203125 0.025