1 0.51875 0.50625 0.09375 0.975
1 0.69375 0.546875 0.6125 0.103125
2 0.2484375 0.30703125 0.496875 0.6140625
2 0.84140625 0.8890625 0.0921875 0.140625
2 0.52890625 0.09765625 0.0484375 0.1921875
2 0.53515625 0.290625 0.0328125 0.0625
2 0.2578125 0.80390625 0.515625 0.3921875
0 0.8875 0.24296875 0.10625 0.1640625
1 0.01875 0.65625 0.0375 0.0375
2 0.54140625 0.6328125 0.0359375 0.05625
1 0.41171875 0.5484375 0.1078125 0.046875
2 0.52578125 0.925 0.0671875 0.125
1 0.9296875 0.71328125 0.04375 0.0515625
1 0.96953125 0.75 0.0515625 0.06875
1 0.3546875 0.21640625 0.134375 0.1296875
1 0.2265625 0.77421875 0.128125 0.0828125
1 0.8875 0.85078125 0.025 0.0390625
1 0.0703125 0.63671875 0.1375 0.1109375
1 0.27421875 0.80546875 0.0484375 0.0265625
2 0.4734375 0.65625 0.021875 0.0375