1 0.53203125 0.35703125 0.1765625 0.6890625
1 0.45 0.8203125 0.21875 0.359375
1 0.67265625 0.50078125 0.0453125 0.1890625
2 0.796875 0.4421875 0.40625 0.221875
2 0.85625 0.81953125 0.2875 0.1296875
2 0.84375 0.54375 0.3 0.025
2 0.66953125 0.3484375 0.0984375 0.0375
2 0.60546875 0.3375 0.0640625 0.03125
2 0.83671875 0.37578125 0.0921875 0.0296875
2 0.82109375 0.1875 0.3578125 0.35
2 0.68125 0.42421875 0.01875 0.0484375
2 0.99140625 0.39140625 0.0171875 0.0234375
2 0.58125 0.6296875 0.125 0.109375
1 0.97265625 0.7875 0.0546875 0.05
2 0.41171875 0.0625 0.0515625 0.04375
1 0.36796875 0.94453125 0.0421875 0.0859375
1 0.06875 0.80078125 0.125 0.1109375
2 0.2125 0.3359375 0.425 0.6125