1 0.5 0.41953125 0.9875 0.0640625
0 0.878125 0.41875 0.240625 0.025
2 0.66015625 0.21171875 0.6796875 0.4078125
2 0.7359375 0.4375 0.06875 0.025
2 0.7359375 0.7140625 0.528125 0.54375
2 0.29375 0.59140625 0.58125 0.3609375
1 0.0203125 0.41796875 0.040625 0.0328125
2 0.9890625 0.3484375 0.021875 0.03125
2 0.9484375 0.47265625 0.103125 0.0734375
1 0.05 0.6171875 0.04375 0.053125
2 0.51328125 0.44453125 0.0328125 0.0296875
1 0.665625 0.4359375 0.046875 0.021875
2 0.1609375 0.178125 0.321875 0.315625