2 0.4484375 0.50078125 0.853125 0.9578125
2 0.7421875 0.13671875 0.234375 0.2421875
1 0.43125 0.5125 0.23125 0.225
2 0.62578125 0.290625 0.1484375 0.165625
2 0.09921875 0.8625 0.1921875 0.2625
2 0.403125 0.5125 0.040625 0.05
1 0.3921875 0.33046875 0.1 0.0734375
1 0.51796875 0.41875 0.0953125 0.10625
1 0.30625 0.6375 0.10625 0.1375
2 0.2125 0.74453125 0.05625 0.0578125
1 0.1296875 0.26328125 0.1 0.1046875
1 0.1609375 0.775 0.05 0.0875
2 0.3625 0.56875 0.04375 0.0375
2 0.884375 0.5375 0.23125 0.33125
2 0.565625 0.36171875 0.0375 0.0484375
1 0.1265625 0.30625 0.04375 0.01875
2 0.0234375 0.95703125 0.046875 0.0515625
2 0.06796875 0.89453125 0.0234375 0.0390625
2 0.59375 0.21328125 0.05625 0.0546875
2 0.1625 0.09375 0.25 0.1875
1 0.83515625 0.6125 0.0609375 0.05625
2 0.52890625 0.9640625 0.2421875 0.071875