1 0.2859375 0.62890625 0.390625 0.4234375
2 0.77890625 0.2 0.3234375 0.38125
1 0.10625 0.89765625 0.10625 0.1796875
1 0.5828125 0.3609375 0.184375 0.10625
1 0.44921875 0.48828125 0.0828125 0.1390625
2 0.803125 0.6671875 0.39375 0.60625
1 0.4046875 0.59296875 0.075 0.1640625
2 0.1625 0.81015625 0.0625 0.0328125
2 0.29921875 0.2359375 0.5921875 0.453125
1 0.46796875 0.7125 0.0265625 0.075
0 0.16171875 0.65625 0.0578125 0.08125
2 0.70703125 0.3359375 0.0484375 0.05625
1 0.43203125 0.5046875 0.0421875 0.025
1 0.34453125 0.79453125 0.1015625 0.0984375