1 0.50625 0.5125 0.1375 0.9625
1 0.3 0.2 0.225 0.38125
2 0.56875 0.12421875 0.06875 0.2265625
2 0.34765625 0.06875 0.0609375 0.1125
1 0.1109375 0.1578125 0.19375 0.315625
2 0.52265625 0.4015625 0.0453125 0.253125
2 0.76796875 0.28046875 0.4640625 0.5546875
1 0.48828125 0.93671875 0.0296875 0.1109375
2 0.43125 0.54765625 0.025 0.0828125
2 0.47421875 0.6625 0.0265625 0.13125
2 0.26953125 0.18203125 0.0546875 0.0953125
2 0.4265625 0.20625 0.0375 0.06875
2 0.25 0.7671875 0.5 0.465625
2 0.2390625 0.11171875 0.040625 0.0390625
2 0.49140625 0.88203125 0.0140625 0.0265625