1 0.431640625 0.470703125 0.13671875 0.94140625
2 0.44140625 0.3427734375 0.0625 0.119140625
1 0.4208984375 0.48046875 0.044921875 0.1796875
1 0.453125 0.8720703125 0.0625 0.255859375
2 0.478515625 0.201171875 0.046875 0.18359375
2 0.123046875 0.1591796875 0.24609375 0.310546875
1 0.61328125 0.912109375 0.05859375 0.1015625
2 0.4208984375 0.6025390625 0.013671875 0.048828125
2 0.4765625 0.90234375 0.04296875 0.04296875
2 0.2138671875 0.8310546875 0.419921875 0.337890625
1 0.1875 0.6044921875 0.04296875 0.068359375
1 0.8154296875 0.060546875 0.041015625 0.06640625
2 0.8837890625 0.10546875 0.232421875 0.2109375
1 0.9794921875 0.208984375 0.041015625 0.05078125
2 0.4814453125 0.0751953125 0.017578125 0.021484375
1 0.3037109375 0.2001953125 0.091796875 0.099609375
1 0.466796875 0.9765625 0.0234375 0.04296875