2 0.55 0.1234375 0.0625 0.240625
1 0.625 0.8234375 0.05 0.259375
2 0.24921875 0.246875 0.4921875 0.484375
2 0.834375 0.68203125 0.33125 0.6359375
2 0.98203125 0.52578125 0.0359375 0.0359375
1 0.31953125 0.13125 0.0421875 0.04375
1 0.753125 0.2109375 0.0375 0.0375
1 0.346875 0.01875 0.065625 0.0375
1 0.046875 0.76015625 0.065625 0.0546875
2 0.56875 0.46875 0.01875 0.025
2 0.83046875 0.125 0.3390625 0.2375
2 0.24609375 0.80703125 0.4921875 0.3859375
1 0.7921875 0.36953125 0.0375 0.0578125
1 0.875 0.75546875 0.01875 0.0265625