1 0.475 0.5 0.1625 0.98125
1 0.5140625 0.8828125 0.065625 0.234375
2 0.7546875 0.38203125 0.490625 0.7640625
2 0.21796875 0.31953125 0.4359375 0.6203125
2 0.19296875 0.28125 0.1828125 0.04375
1 0.08515625 0.1421875 0.1203125 0.05625
1 0.415625 0.8953125 0.05 0.0625
2 0.35 0.2 0.075 0.0625
2 0.51875 0.9046875 0.03125 0.0375
2 0.33046875 0.29296875 0.1203125 0.0796875
1 0.01875 0.846875 0.03125 0.034375
2 0.1390625 0.825 0.278125 0.34375
2 0.50078125 0.75546875 0.0390625 0.0828125
2 0.04296875 0.13203125 0.0328125 0.0140625
2 0.41171875 0.14375 0.0765625 0.075
2 0.29375 0.3 0.025 0.01875
1 0.14921875 0.025 0.0453125 0.025
2 0.50078125 0.48125 0.0234375 0.03125
2 0.753125 0.84140625 0.446875 0.3171875