2 0.62890625 0.76953125 0.4703125 0.4515625
1 0.421875 0.31953125 0.30625 0.5765625
2 0.6390625 0.1234375 0.246875 0.246875
2 0.4921875 0.615625 0.140625 0.115625
1 0.3546875 0.37421875 0.053125 0.2359375
1 0.309375 0.5421875 0.140625 0.134375
2 0.240625 0.728125 0.465625 0.5125
2 0.78125 0.93046875 0.125 0.1296875
2 0.1578125 0.26015625 0.275 0.1703125
2 0.60078125 0.68828125 0.1109375 0.0765625
2 0.38828125 0.27421875 0.0546875 0.0609375
2 0.625 0.06015625 0.06875 0.0734375
1 0.075 0.5921875 0.1 0.03125
2 0.6859375 0.03203125 0.065625 0.0328125
2 0.86640625 0.478125 0.2671875 0.384375
1 0.81875 0.990625 0.04375 0.01875
1 0.1671875 0.0375 0.06875 0.05625
2 0.8609375 0.1859375 0.278125 0.31875
1 0.50703125 0.98125 0.0390625 0.03125
2 0.55078125 0.665625 0.0328125 0.04375