2 0.83125 0.87578125 0.3125 0.2359375
1 0.53046875 0.41640625 0.2203125 0.1890625
2 0.8828125 0.6921875 0.209375 0.15625
1 0.66953125 0.58671875 0.3234375 0.2953125
1 0.21796875 0.12265625 0.1984375 0.2390625
2 0.39453125 0.1203125 0.2078125 0.240625
2 0.24140625 0.61640625 0.4703125 0.1234375
2 0.90703125 0.825 0.0390625 0.23125
2 0.0859375 0.47890625 0.165625 0.0484375
2 0.16171875 0.37421875 0.0984375 0.1453125
1 0.31953125 0.440625 0.3109375 0.125
2 0.84375 0.44375 0.13125 0.15625
2 0.71796875 0.75703125 0.1203125 0.0546875
1 0.56796875 0.0921875 0.0953125 0.065625
1 0.04921875 0.2359375 0.0828125 0.1125
2 0.4109375 0.325 0.071875 0.08125
2 0.3296875 0.4171875 0.034375 0.10625
1 0.4578125 0.56328125 0.075 0.1390625
1 0.321875 0.24453125 0.078125 0.1078125
1 0.28046875 0.1734375 0.0265625 0.121875
1 0.5625 0.7609375 0.24375 0.11875
1 0.46328125 0.79296875 0.0421875 0.0734375
2 0.20078125 0.8171875 0.3859375 0.31875