1 0.1375 0.8625 0.24375 0.25
1 0.5890625 0.3328125 0.40625 0.484375
1 0.30625 0.67265625 0.25625 0.2515625
1 0.83046875 0.1265625 0.3140625 0.15
2 0.8109375 0.85546875 0.26875 0.0734375
2 0.29765625 0.67578125 0.0640625 0.0578125
2 0.359375 0.61328125 0.078125 0.0734375
2 0.2125 0.3 0.425 0.575
2 0.93046875 0.0734375 0.1171875 0.0375
1 0.23671875 0.73671875 0.0828125 0.0765625
2 0.690625 0.17890625 0.1 0.0484375
1 0.7265625 0.85703125 0.05625 0.0265625
1 0.1109375 0.58828125 0.05 0.0234375
1 0.56015625 0.5125 0.0421875 0.04375
2 0.8234375 0.08828125 0.071875 0.0390625
1 0.0765625 0.93046875 0.065625 0.0671875
2 0.11953125 0.86796875 0.0296875 0.0296875
1 0.38125 0.525 0.0625 0.04375
1 0.94296875 0.95 0.0484375 0.03125