2 0.77578125 0.16875 0.3453125 0.33125
1 0.2625 0.75546875 0.41875 0.4578125
1 0.1328125 0.90625 0.140625 0.10625
1 0.41171875 0.58125 0.1609375 0.15625
2 0.3171875 0.2859375 0.634375 0.55625
2 0.796875 0.65625 0.40625 0.61875
2 0.64140625 0.29296875 0.0921875 0.0953125
1 0.8234375 0.8625 0.10625 0.075
1 0.60546875 0.78125 0.0296875 0.05
2 0.384375 0.58203125 0.040625 0.0296875
1 0.796875 0.46796875 0.046875 0.0421875
1 0.06796875 0.96171875 0.1265625 0.0546875
1 0.24140625 0.61171875 0.0578125 0.0296875