2 0.24296875 0.14453125 0.4859375 0.2890625
2 0.6 0.65625 0.3625 0.3
2 0.5484375 0.53828125 0.0375 0.2953125
2 0.76875 0.11171875 0.45625 0.2109375
2 0.0875 0.503125 0.16875 0.140625
1 0.19921875 0.4125 0.1046875 0.24375
2 0.09921875 0.65703125 0.1859375 0.1515625
2 0.86640625 0.5625 0.2640625 0.1875
2 0.49921875 0.77265625 0.1390625 0.0609375
1 0.6796875 0.28125 0.0375 0.11875
1 0.56953125 0.7890625 0.0609375 0.040625
1 0.7125 0.90546875 0.04375 0.0390625
2 0.95546875 0.4703125 0.0765625 0.13125
1 0.8953125 0.86796875 0.05 0.0421875