1 0.41796875 0.4796875 0.2328125 0.290625
2 0.4953125 0.4984375 0.953125 0.965625
1 0.690625 0.71875 0.196875 0.14375
1 0.16015625 0.2109375 0.1890625 0.209375
1 0.30703125 0.35 0.1578125 0.13125
1 0.09140625 0.07578125 0.1296875 0.1484375
1 0.5515625 0.6234375 0.128125 0.075
1 0.87421875 0.86640625 0.2234375 0.2171875
2 0.3671875 0.42421875 0.059375 0.0828125
1 0.4 0.7734375 0.10625 0.040625
2 0.84140625 0.10625 0.3171875 0.2125
2 0.325 0.6921875 0.33125 0.240625
1 0.0875 0.65078125 0.1375 0.0671875
2 0.8875 0.51953125 0.225 0.2921875
2 0.11015625 0.44140625 0.2203125 0.2796875
2 0.75078125 0.76328125 0.0484375 0.0421875
1 0.82265625 0.4078125 0.0765625 0.05625