2 0.725 0.234375 0.55 0.440625
2 0.246875 0.24921875 0.49375 0.4796875
2 0.4 0.53671875 0.16875 0.0359375
2 0.7703125 0.73203125 0.459375 0.5078125
2 0.2125 0.828125 0.425 0.34375
2 0.153125 0.575 0.05 0.04375
1 0.64375 0.24921875 0.05 0.0671875
1 0.86328125 0.14453125 0.0515625 0.0484375
2 0.56328125 0.50625 0.0578125 0.025
1 0.94140625 0.71171875 0.0578125 0.0828125
2 0.31875 0.53046875 0.05625 0.0203125
1 0.3875 0.3875 0.1625 0.09375
1 0.87421875 0.10078125 0.0390625 0.0234375
1 0.5265625 0.275 0.04375 0.04375
2 0.44921875 0.521875 0.0265625 0.021875
1 0.9640625 0.7859375 0.021875 0.021875