1 0.50078125 0.49375 0.9796875 0.20625
1 0.78203125 0.5734375 0.3953125 0.05
2 0.31328125 0.49453125 0.1828125 0.0828125
2 0.2328125 0.2109375 0.465625 0.39375
2 0.46953125 0.525 0.0921875 0.05
1 0.07421875 0.15546875 0.0921875 0.0953125
2 0.67578125 0.58828125 0.0453125 0.0203125
1 0.95 0.23203125 0.1 0.1046875
1 0.575 0.9796875 0.05 0.040625
1 0.50703125 0.01875 0.0453125 0.0375
1 0.19140625 0.7921875 0.0890625 0.103125
1 0.79921875 0.7375 0.0328125 0.03125
1 0.9828125 0.65546875 0.034375 0.0453125
1 0.3765625 0.83828125 0.025 0.0296875
1 0.91953125 0.21875 0.0328125 0.03125
2 0.1140625 0.425 0.209375 0.04375
1 0.05546875 0.99296875 0.0421875 0.0140625
1 0.2390625 0.9046875 0.03125 0.0375
1 0.0609375 0.69765625 0.0625 0.0578125