2 0.3609375 0.24296875 0.153125 0.1953125
2 0.88203125 0.571875 0.2203125 0.25
2 0.18671875 0.6046875 0.3640625 0.5125
2 0.43203125 0.9296875 0.2078125 0.140625
1 0.64375 0.70703125 0.10625 0.0984375
1 0.325 0.7078125 0.05 0.078125
1 0.709375 0.66640625 0.084375 0.0578125
2 0.76328125 0.81875 0.4734375 0.3625
1 0.81328125 0.646875 0.0515625 0.06875
2 0.796875 0.209375 0.40625 0.39375
2 0.38828125 0.39921875 0.1953125 0.1390625
1 0.16015625 0.6734375 0.0609375 0.10625
1 0.28828125 0.503125 0.0421875 0.06875
1 0.29765625 0.17265625 0.0453125 0.0671875