1 0.4359375 0.3359375 0.1 0.240625
2 0.1828125 0.25625 0.365625 0.49375
1 0.43671875 0.48671875 0.0484375 0.1703125
1 0.40078125 0.6421875 0.0578125 0.171875
2 0.765625 0.2734375 0.46875 0.503125
2 0.178125 0.71328125 0.353125 0.5484375
1 0.16328125 0.796875 0.1328125 0.034375
2 0.3703125 0.9109375 0.14375 0.175
2 0.93515625 0.48125 0.1265625 0.1125
1 0.4921875 0.94140625 0.090625 0.0796875
2 0.87265625 0.6921875 0.2546875 0.38125
1 0.3421875 0.54765625 0.0375 0.0328125
2 0.425 0.603125 0.025 0.04375
1 0.85 0.87890625 0.0625 0.0390625
1 0.95625 0.23671875 0.075 0.0484375
1 0.17578125 0.43203125 0.0984375 0.0671875