2 0.22265625 0.36796875 0.4453125 0.7265625
2 0.89140625 0.45703125 0.2046875 0.2984375
2 0.46171875 0.425 0.3390625 0.23125
2 0.67421875 0.50625 0.6515625 0.98125
2 0.3875 0.8375 0.2125 0.325
2 0.12421875 0.69453125 0.2390625 0.1171875
2 0.65390625 0.221875 0.1484375 0.23125
1 0.78125 0.26875 0.11875 0.2125
2 0.3421875 0.53203125 0.125 0.0984375
2 0.70703125 0.41875 0.1546875 0.10625
2 0.8375 0.42265625 0.0875 0.0546875
0 0.39375 0.675 0.1 0.0625
2 0.69375 0.0296875 0.025 0.05625
2 0.28046875 0.5546875 0.0515625 0.040625
2 0.64453125 0.33828125 0.0546875 0.0484375
2 0.14765625 0.86328125 0.2953125 0.2734375
2 0.55 0.3484375 0.1125 0.065625
1 0.73828125 0.37578125 0.0390625 0.0234375
1 0.32578125 0.9765625 0.0484375 0.046875
2 0.4875 0.0890625 0.25625 0.175