2 0.49921875 0.2203125 0.3703125 0.415625
2 0.1484375 0.21875 0.28125 0.325
1 0.5890625 0.84375 0.15 0.3125
2 0.2 0.721875 0.4 0.5125
2 0.81171875 0.78203125 0.3765625 0.4265625
1 0.48203125 0.59765625 0.2734375 0.2328125
1 0.7375 0.4859375 0.2125 0.196875
2 0.38125 0.36953125 0.14375 0.1046875
2 0.58203125 0.1890625 0.0296875 0.05
2 0.63125 0.07578125 0.0875 0.1296875
2 0.50546875 0.30546875 0.1359375 0.0984375
2 0.6515625 0.7 0.078125 0.0875
2 0.29921875 0.30078125 0.0640625 0.0390625
1 0.00703125 0.7984375 0.0140625 0.04375
0 0.225 0.3796875 0.11875 0.13125