2 0.55546875 0.0671875 0.1046875 0.134375
2 0.2703125 0.3875 0.540625 0.775
2 0.8171875 0.1890625 0.365625 0.359375
1 0.29765625 0.86953125 0.1671875 0.1046875
1 0.18125 0.66328125 0.1 0.0984375
1 0.16328125 0.75546875 0.0484375 0.0484375
1 0.07890625 0.54765625 0.1015625 0.0734375
2 0.8296875 0.34375 0.05 0.0375
1 0.825 0.85703125 0.0875 0.1046875
1 0.6515625 0.8859375 0.1 0.221875
1 0.83203125 0.95 0.1671875 0.1
1 0.08203125 0.44375 0.1203125 0.10625
2 0.56171875 0.665625 0.0734375 0.125
2 0.8671875 0.74140625 0.265625 0.4796875
1 0.7125 0.96875 0.05625 0.05
1 0.475 0.28671875 0.0625 0.0578125
1 0.846875 0.89921875 0.025 0.0328125