2 0.75625 0.19296875 0.4375 0.3328125
1 0.4265625 0.49765625 0.65625 0.4546875
1 0.08046875 0.82578125 0.1203125 0.2484375
2 0.59296875 0.32265625 0.2328125 0.0921875
1 0.42578125 0.37578125 0.1546875 0.1078125
1 0.68046875 0.66875 0.0421875 0.0875
1 0.22265625 0.60625 0.0921875 0.1875
2 0.8515625 0.1234375 0.13125 0.09375
1 0.54296875 0.79296875 0.0828125 0.1109375
1 0.47578125 0.91171875 0.0671875 0.0671875
1 0.14453125 0.62421875 0.0796875 0.2140625
1 0.4890625 0.70625 0.084375 0.08125
2 0.5828125 0.34921875 0.059375 0.0359375
1 0.38203125 0.9734375 0.0421875 0.0375
1 0.28671875 0.7609375 0.0828125 0.06875