1 0.2578125 0.77421875 0.415625 0.4390625
2 0.88828125 0.10078125 0.1765625 0.2015625
1 0.5609375 0.46875 0.434375 0.35625
1 0.78046875 0.2625 0.1234375 0.16875
2 0.46015625 0.54375 0.0828125 0.06875
2 0.56953125 0.45546875 0.0484375 0.0515625
1 0.53125 0.6609375 0.05625 0.046875
1 0.0203125 0.64296875 0.040625 0.0390625
1 0.13828125 0.5046875 0.2734375 0.178125
1 0.3109375 0.665625 0.1125 0.08125
1 0.85546875 0.8625 0.0984375 0.125
1 0.69765625 0.3375 0.1546875 0.05625
1 0.50546875 0.05703125 0.0953125 0.0859375
1 0.16015625 0.72578125 0.0578125 0.0609375
1 0.69296875 0.54296875 0.0359375 0.0328125
1 0.0953125 0.92890625 0.075 0.1234375
2 0.88984375 0.61328125 0.2203125 0.5109375