1 0.43828125 0.50078125 0.1046875 0.9734375
1 0.41875 0.903125 0.05 0.19375
2 0.71875 0.50703125 0.55625 0.9859375
1 0.2546875 0.83125 0.1 0.1
1 0.5734375 0.53828125 0.0625 0.0390625
2 0.01640625 0.20078125 0.0328125 0.0765625
1 0.46171875 0.30703125 0.0390625 0.2578125
1 0.9359375 0.4359375 0.040625 0.034375
1 0.9734375 0.9765625 0.053125 0.046875
2 0.2015625 0.146875 0.403125 0.29375
2 0.21875 0.8046875 0.43125 0.390625
1 0.4125 0.57421875 0.03125 0.0328125
2 0.14296875 0.4375 0.2796875 0.36875
1 0.78515625 0.98125 0.0171875 0.03125
1 0.94453125 0.6625 0.1109375 0.13125