1 0.50078125 0.5296875 0.9796875 0.134375
2 0.57578125 0.38203125 0.3421875 0.1265625
2 0.49765625 0.51328125 0.0765625 0.0390625
2 0.28046875 0.22890625 0.5484375 0.4421875
1 0.8484375 0.75625 0.13125 0.09375
2 0.8359375 0.27578125 0.328125 0.4796875
1 0.6 0.4078125 0.05 0.0375
2 0.2453125 0.7765625 0.490625 0.403125
1 0.19453125 0.4609375 0.1078125 0.05
2 0.59453125 0.53515625 0.1359375 0.0546875
2 0.2125 0.51875 0.10625 0.05
2 0.76484375 0.7796875 0.4703125 0.41875
1 0.2734375 0.421875 0.071875 0.0375
2 0.36171875 0.5265625 0.0828125 0.034375