1 0.2140625 0.7765625 0.409375 0.434375
1 0.53671875 0.52265625 0.4390625 0.2734375
2 0.85625 0.2625 0.23125 0.2875
2 0.9421875 0.1125 0.103125 0.1625
2 0.24765625 0.690625 0.1015625 0.075
1 0.03828125 0.97109375 0.0765625 0.0578125
2 0.4546875 0.53125 0.075 0.0625
2 0.2265625 0.53203125 0.14375 0.0984375
2 0.1296875 0.83125 0.04375 0.025
2 0.19140625 0.74453125 0.0734375 0.0765625
1 0.7046875 0.5375 0.028125 0.03125
2 0.4375 0.26796875 0.29375 0.2390625
1 0.8171875 0.1015625 0.115625 0.075
1 0.56796875 0.1265625 0.0421875 0.096875
1 0.5921875 0.45390625 0.15 0.0703125