2 0.41953125 0.49921875 0.8109375 0.9640625
2 0.73046875 0.12421875 0.1859375 0.2265625
1 0.3640625 0.64140625 0.2875 0.2484375
2 0.084375 0.89453125 0.14375 0.2015625
2 0.64453125 0.3625 0.1453125 0.175
1 0.56171875 0.41171875 0.0734375 0.1453125
2 0.60078125 0.68203125 0.2140625 0.2640625
2 0.246875 0.72890625 0.1 0.0984375
2 0.88046875 0.9375 0.2390625 0.1125
1 0.29296875 0.96953125 0.0234375 0.0421875
2 0.54375 0.659375 0.04375 0.040625
1 0.44921875 0.21875 0.0484375 0.05625
2 0.85234375 0.565625 0.2953125 0.390625
1 0.1671875 0.79453125 0.028125 0.0359375
1 0.03671875 0.990625 0.0515625 0.01875
2 0.49375 0.5109375 0.0625 0.065625
1 0.4625 0.9953125 0.025 0.009375
2 0.11875 0.58203125 0.2375 0.3296875
2 0.44921875 0.90625 0.2984375 0.1875
2 0.23828125 0.78671875 0.0421875 0.0453125