1 0.20546875 0.7 0.3640625 0.2
1 0.3328125 0.3046875 0.059375 0.609375
2 0.88828125 0.825 0.1484375 0.33125
2 0.5578125 0.33046875 0.45 0.6546875
2 0.5703125 0.65625 0.44375 0.125
2 0.76015625 0.68671875 0.0828125 0.0359375
2 0.16171875 0.7046875 0.0765625 0.040625
2 0.24375 0.66328125 0.1 0.0609375
2 0.66015625 0.69375 0.1046875 0.04375
2 0.0625 0.7546875 0.075 0.059375
2 0.32578125 0.61953125 0.1265625 0.0765625
2 0.34765625 0.31640625 0.0265625 0.1078125
2 0.375 0.5375 0.05625 0.14375
2 0.03125 0.82578125 0.0625 0.1203125
2 0.44375 0.6171875 0.09375 0.046875
2 0.946875 0.9 0.028125 0.16875
1 0.01796875 0.36171875 0.0359375 0.6671875
2 0.54375 0.65625 0.04375 0.03125
2 0.85703125 0.44296875 0.2859375 0.4171875