2 0.38125 0.49921875 0.45625 0.9546875
2 0.6296875 0.67265625 0.140625 0.6546875
2 0.48125 0.56171875 0.14375 0.1265625
2 0.5984375 0.47890625 0.053125 0.0609375
2 0.83359375 0.68125 0.3328125 0.6375
2 0.81640625 0.21015625 0.3671875 0.4015625
1 0.83203125 0.30546875 0.0546875 0.0328125
1 0.65625 0.26640625 0.0375 0.0484375
1 0.1875 0.95 0.18125 0.075
1 0.46953125 0.35703125 0.0484375 0.0390625
1 0.921875 0.3625 0.078125 0.05625
2 0.64296875 0.76328125 0.0328125 0.0171875
1 0.77421875 0.3890625 0.0734375 0.028125
1 0.76875 0.33125 0.01875 0.025
2 0.659375 0.67265625 0.059375 0.1171875
1 0.1171875 0.978125 0.025 0.015625
1 0.5375 0.81953125 0.03125 0.0453125
2 0.4125 0.4875 0.025 0.03125
1 0.053125 0.6484375 0.03125 0.021875
1 0.22265625 0.93125 0.0203125 0.01875
2 0.4765625 0.08828125 0.271875 0.1703125
1 0.24140625 0.88046875 0.0546875 0.0421875