1 0.4171875 0.784375 0.209375 0.4125
1 0.51171875 0.45078125 0.2140625 0.4015625
2 0.62421875 0.11328125 0.0671875 0.2234375
2 0.8078125 0.29921875 0.384375 0.5890625
1 0.4578125 0.54921875 0.05 0.1109375
2 0.18125 0.1890625 0.3625 0.375
1 0.03671875 0.6234375 0.0734375 0.09375
1 0.475 0.4515625 0.05625 0.096875
1 0.5609375 0.73046875 0.059375 0.0546875
2 0.2 0.4390625 0.09375 0.046875
1 0.7046875 0.24921875 0.0625 0.0765625
2 0.36328125 0.7609375 0.0421875 0.059375
1 0.8 0.97578125 0.0375 0.0328125
2 0.78046875 0.79921875 0.4140625 0.3859375
1 0.3609375 0.9484375 0.059375 0.0875
1 0.91015625 0.6484375 0.0421875 0.046875
1 0.5265625 0.7609375 0.0375 0.0375
1 0.0234375 0.72578125 0.040625 0.0484375
1 0.8421875 0.53046875 0.028125 0.0359375
2 0.35546875 0.86171875 0.0390625 0.0421875
1 0.20625 0.2359375 0.075 0.08125
1 0.63828125 0.9546875 0.1515625 0.084375
1 0.71953125 0.99375 0.0234375 0.0125
1 0.05546875 0.06875 0.1046875 0.125
1 0.26328125 0.94375 0.0359375 0.04375