1 0.50078125 0.2734375 0.9796875 0.125
2 0.60390625 0.69375 0.5203125 0.14375
2 0.171875 0.71953125 0.3375 0.1265625
2 0.85234375 0.51875 0.2953125 0.44375
2 0.52421875 0.24921875 0.1546875 0.0640625
2 0.4734375 0.13125 0.375 0.25
0 0.08515625 0.30390625 0.1515625 0.0703125
2 0.86171875 0.84375 0.2765625 0.3
2 0.54921875 0.734375 0.1078125 0.059375
2 0.66796875 0.72890625 0.0921875 0.0421875
1 0.29375 0.69375 0.08125 0.05
2 0.1140625 0.86875 0.228125 0.25
1 0.953125 0.27890625 0.09375 0.0640625
1 0.02421875 0.75625 0.0484375 0.05
2 0.934375 0.13203125 0.13125 0.2546875
1 0.80703125 0.28125 0.1484375 0.075
2 0.10703125 0.325 0.0265625 0.01875