1 0.38671875 0.37109375 0.1671875 0.7421875
2 0.22421875 0.71875 0.4453125 0.25
2 0.78515625 0.79453125 0.3796875 0.3765625
2 0.45078125 0.63125 0.1671875 0.075
2 0.75 0.68828125 0.1 0.0453125
2 0.62890625 0.6625 0.1234375 0.05625
2 0.07890625 0.7484375 0.0734375 0.0625
2 0.175 0.24765625 0.35 0.4953125
2 0.7765625 0.340625 0.446875 0.675
2 0.9109375 0.76171875 0.053125 0.0734375
2 0.7375 0.64453125 0.1125 0.0609375
2 0.8890625 0.7078125 0.05625 0.078125
2 0.37578125 0.54765625 0.0640625 0.1796875
2 0.02890625 0.79296875 0.0515625 0.0578125
2 0.32421875 0.1046875 0.0484375 0.209375
2 0.28671875 0.65078125 0.1015625 0.0484375
2 0.54375 0.64140625 0.04375 0.0453125
2 0.94375 0.9421875 0.05 0.1
1 0.01640625 0.31640625 0.0328125 0.5765625
0 0.9875 0.39609375 0.025 0.7921875