1 0.63828125 0.48984375 0.4296875 0.9796875
2 0.49453125 0.721875 0.0953125 0.31875
1 0.50703125 0.1421875 0.1203125 0.284375
1 0.38515625 0.91875 0.1671875 0.15625
2 0.53125 0.40078125 0.05625 0.1953125
2 0.17578125 0.08671875 0.1328125 0.1734375
2 0.47890625 0.7890625 0.0359375 0.084375
2 0.51328125 0.04375 0.0421875 0.06875
2 0.51328125 0.69140625 0.0265625 0.0453125
1 0.3375 0.96875 0.04375 0.04375
1 0.1625 0.925 0.23125 0.15
1 0.95625 0.325 0.04375 0.03125
1 0.8984375 0.83515625 0.01875 0.0328125