1 0.54765625 0.4171875 0.0765625 0.18125
1 0.3640625 0.8875 0.05 0.18125
2 0.80390625 0.71171875 0.3921875 0.5609375
1 0.06875 0.96875 0.08125 0.05625
2 0.815625 0.54921875 0.075 0.0359375
2 0.20625 0.84921875 0.4 0.3015625
2 0.82421875 0.25546875 0.3453125 0.4765625
1 0.0890625 0.33828125 0.046875 0.0546875
1 0.43515625 0.2625 0.0515625 0.05
1 0.21875 0.63515625 0.075 0.0609375
1 0.9609375 0.91796875 0.078125 0.1109375
1 0.29375 0.7578125 0.0625 0.084375
1 0.16171875 0.48203125 0.0703125 0.1046875
1 0.96484375 0.3671875 0.0703125 0.109375
1 0.95078125 0.54921875 0.0890625 0.0734375
1 0.7921875 0.7625 0.05 0.05625
1 0.7984375 0.95078125 0.19375 0.0984375
1 0.6359375 0.6328125 0.028125 0.025
1 0.09453125 0.9171875 0.0359375 0.028125
2 0.55390625 0.4796875 0.0296875 0.034375
1 0.11875 0.29453125 0.1625 0.1796875