1 0.44296875 0.49921875 0.0921875 0.9703125
2 0.71328125 0.325 0.5703125 0.64375
2 0.21953125 0.30390625 0.4359375 0.5953125
2 0.46796875 0.75546875 0.0359375 0.0703125
2 0.7140625 0.77421875 0.55 0.4515625
2 0.4359375 0.2546875 0.034375 0.1375
2 0.4484375 0.13828125 0.01875 0.0390625
2 0.425 0.43671875 0.025 0.0265625
2 0.4734375 0.96171875 0.034375 0.0671875
1 0.26171875 0.84296875 0.0703125 0.3046875
1 0.82578125 0.98125 0.0296875 0.0375
1 0.2796875 0.425 0.01875 0.05
1 0.921875 0.3015625 0.1125 0.096875