2 0.503125 0.8953125 0.0625 0.2
2 0.74921875 0.72421875 0.4953125 0.5265625
2 0.2015625 0.30546875 0.403125 0.6109375
2 0.4421875 0.66875 0.0625 0.14375
2 0.421875 0.26171875 0.071875 0.1546875
1 0.42421875 0.99375 0.0359375 0.0125
1 0.0140625 0.90390625 0.028125 0.0265625
1 0.26796875 0.42890625 0.0515625 0.0578125
1 0.31328125 0.81875 0.0921875 0.05625
1 0.36015625 0.54375 0.0984375 0.05
2 0.759375 0.23046875 0.48125 0.4484375
1 0.75 0.95390625 0.025 0.0265625
1 0.096875 0.54921875 0.134375 0.0640625
2 0.39375 0.21171875 0.0375 0.0296875
1 0.13125 0.9671875 0.05 0.034375
1 0.2046875 0.73203125 0.0125 0.0265625
1 0.0921875 0.29296875 0.0375 0.0484375
1 0.16953125 0.65625 0.0234375 0.01875
1 0.3640625 0.23203125 0.0375 0.0390625
1 0.2546875 0.6203125 0.178125 0.16875
1 0.8875 0.57265625 0.03125 0.0265625
1 0.8703125 0.5203125 0.228125 0.10625
1 0.309375 0.98046875 0.021875 0.0171875
1 0.77421875 0.94921875 0.1109375 0.0734375
1 0.4796875 0.478125 0.034375 0.028125