2 0.74296875 0.22265625 0.5078125 0.4296875
2 0.26875 0.19921875 0.5375 0.3796875
2 0.29765625 0.6859375 0.5953125 0.609375
2 0.309375 0.37578125 0.496875 0.0609375
2 0.58203125 0.51953125 0.2796875 0.0828125
2 0.61640625 0.40546875 0.1265625 0.0515625
2 0.9109375 0.60390625 0.15625 0.0546875
2 0.10546875 0.3609375 0.1046875 0.034375
2 0.8828125 0.51171875 0.234375 0.1734375
1 0.2203125 0.56796875 0.05625 0.0921875
2 0.8453125 0.81640625 0.309375 0.3359375
2 0.53046875 0.38671875 0.0515625 0.0234375
1 0.08125 0.04453125 0.06875 0.0734375
1 0.18671875 0.0625 0.1390625 0.075