1 0.40703125 0.49765625 0.5578125 0.9796875
1 0.24765625 0.14140625 0.1796875 0.2703125
1 0.6234375 0.61328125 0.109375 0.3578125
2 0.65546875 0.19296875 0.0703125 0.2296875
2 0.48046875 0.54453125 0.1296875 0.1265625
2 0.821875 0.1859375 0.35625 0.359375
2 0.8375 0.7078125 0.325 0.5375
1 0.6515625 0.95078125 0.059375 0.0828125
1 0.82265625 0.796875 0.0921875 0.05625
1 0.64375 0.65 0.05 0.06875
1 0.5 0.33203125 0.15625 0.0984375
1 0.6421875 0.0375 0.08125 0.0625
2 0.540625 0.59375 0.03125 0.03125
1 0.75078125 0.32890625 0.0140625 0.0171875
1 0.96953125 0.4375 0.0296875 0.025
1 0.64453125 0.26875 0.0296875 0.03125
1 0.41171875 0.48515625 0.0265625 0.0171875
2 0.09375 0.30078125 0.175 0.2109375
1 0.13671875 0.93828125 0.0265625 0.0171875