1 0.49140625 0.503125 0.1046875 0.96875
2 0.7484375 0.2953125 0.503125 0.590625
2 0.51015625 0.05703125 0.0390625 0.0703125
2 0.2421875 0.7546875 0.484375 0.48125
2 0.47578125 0.43125 0.0359375 0.0875
2 0.4484375 0.7484375 0.03125 0.1
2 0.7359375 0.77578125 0.5125 0.4265625
2 0.46640625 0.31171875 0.0140625 0.0328125
1 0.22578125 0.56875 0.0828125 0.075
2 0.39375 0.25703125 0.11875 0.1828125
1 0.30625 0.95078125 0.09375 0.0765625
0 0.9765625 0.50078125 0.046875 0.9734375
2 0.05546875 0.37890625 0.1109375 0.2515625
1 0.9796875 0.18125 0.03125 0.0375
1 0.59296875 0.928125 0.1484375 0.11875
1 0.4875 0.61796875 0.0375 0.0671875
1 0.153125 0.41796875 0.034375 0.0359375