2 0.675 0.41796875 0.5625 0.8109375
2 0.4046875 0.76328125 0.36875 0.4578125
2 0.9125 0.071875 0.1 0.13125
2 0.6734375 0.41015625 0.15625 0.2796875
1 0.52421875 0.62421875 0.1171875 0.1015625
2 0.24921875 0.896875 0.0484375 0.18125
2 0.43828125 0.67421875 0.1171875 0.0640625
2 0.35625 0.74765625 0.09375 0.1046875
2 0.1875 0.4 0.375 0.64375
2 0.940625 0.11875 0.065625 0.01875
2 0.3 0.8046875 0.03125 0.028125
1 0.19375 0.384375 0.03125 0.01875
1 0.26015625 0.36953125 0.0296875 0.0234375
2 0.77890625 0.86796875 0.4421875 0.2609375
2 0.76953125 0.24296875 0.0328125 0.0359375
2 0.35 0.41796875 0.03125 0.0328125
1 0.35625 0.53828125 0.0375 0.0203125
1 0.5765625 0.98203125 0.015625 0.0140625
1 0.41171875 0.853125 0.0140625 0.01875
1 0.43828125 0.76875 0.0328125 0.0375