2 0.24140625 0.66328125 0.4640625 0.2234375
2 0.58828125 0.58046875 0.2765625 0.2140625
1 0.44375 0.3234375 0.08125 0.646875
2 0.8890625 0.58046875 0.20625 0.1578125
2 0.6109375 0.25625 0.328125 0.5
2 0.21328125 0.69375 0.0671875 0.0625
2 0.36171875 0.61640625 0.1390625 0.0484375
2 0.6625 0.45546875 0.075 0.0328125
2 0.7125 0.68046875 0.08125 0.0359375
2 0.45703125 0.52578125 0.0328125 0.0640625
2 0.43671875 0.59140625 0.0359375 0.0296875
2 0.5734375 0.56328125 0.04375 0.0265625
2 0.815625 0.53046875 0.028125 0.0296875
1 0.46640625 0.35 0.0203125 0.025
2 0.89609375 0.3546875 0.2078125 0.26875
1 0.17578125 0.01484375 0.1109375 0.0296875
1 0.034375 0.9125 0.025 0.03125
1 0.95703125 0.4734375 0.0234375 0.025