1 0.5984375 0.4875 0.21875 0.16875
1 0.28046875 0.6859375 0.2359375 0.128125
2 0.84765625 0.36328125 0.2859375 0.0828125
2 0.1 0.8046875 0.1875 0.14375
1 0.4484375 0.5875 0.134375 0.0625
2 0.54296875 0.5234375 0.0609375 0.046875
2 0.63515625 0.65078125 0.0578125 0.0421875
2 0.35078125 0.64140625 0.0390625 0.0328125
1 0.30703125 0.46796875 0.1453125 0.0546875
2 0.22578125 0.25390625 0.4421875 0.4796875
2 0.59140625 0.49765625 0.0265625 0.0234375
2 0.69375 0.41875 0.025 0.025
2 0.9609375 0.34453125 0.06875 0.0328125
1 0.6375 0.78046875 0.05 0.0546875
1 0.07578125 0.3296875 0.0765625 0.0375