2 0.60625 0.825 0.2875 0.325
2 0.81875 0.41640625 0.3625 0.1171875
2 0.31640625 0.5625 0.6265625 0.28125
1 0.33203125 0.17421875 0.1484375 0.2265625
2 0.246875 0.2625 0.115625 0.0625
2 0.68125 0.9140625 0.05 0.15
1 0.17421875 0.36875 0.3453125 0.2
2 0.37421875 0.72421875 0.1765625 0.0890625
2 0.21171875 0.82578125 0.4203125 0.3265625
2 0.46953125 0.60625 0.0921875 0.08125
2 0.37578125 0.08828125 0.0546875 0.0640625
2 0.15390625 0.67421875 0.2953125 0.0390625
2 0.17421875 0.1625 0.0421875 0.3
2 0.696875 0.45 0.109375 0.03125
2 0.35 0.66796875 0.1375 0.0421875
2 0.72578125 0.98046875 0.1015625 0.0328125
2 0.5875 0.51796875 0.1125 0.1359375
2 0.290625 0.3 0.1125 0.03125
2 0.5890625 0.75078125 0.028125 0.0359375
2 0.4875 0.68125 0.03125 0.03125
1 0.1328125 0.625 0.11875 0.06875
2 0.4328125 0.65 0.075 0.03125
2 0.14140625 0.32578125 0.0671875 0.0296875
2 0.0140625 0.6734375 0.028125 0.025
1 0.05625 0.3625 0.10625 0.0625
1 0.08046875 0.45625 0.1546875 0.04375
1 0.77265625 0.725 0.0296875 0.025
2 0.55390625 0.7125 0.0203125 0.01875
2 0.54296875 0.1390625 0.3046875 0.25
1 0.57578125 0.175 0.0515625 0.06875
1 0.58671875 0.3375 0.0328125 0.01875
1 0.1109375 0.1375 0.040625 0.05
1 0.86640625 0.99296875 0.0203125 0.0140625
1 0.9625 0.59765625 0.025 0.0328125