1 0.51796875 0.49296875 0.1734375 0.9734375
2 0.50546875 0.56875 0.0984375 0.0625
2 0.4625 0.6140625 0.0625 0.075
1 0.5 0.89453125 0.0875 0.1984375
2 0.7859375 0.28046875 0.428125 0.5484375
2 0.6109375 0.19140625 0.1 0.1140625
2 0.56796875 0.21328125 0.0265625 0.0484375
2 0.65 0.2265625 0.075 0.01875
1 0.67890625 0.3625 0.0421875 0.05625
1 0.86796875 0.9625 0.0421875 0.03125
1 0.33671875 0.38828125 0.1890625 0.1015625
1 0.31796875 0.02265625 0.1296875 0.0453125
1 0.06171875 0.425 0.1234375 0.80625
1 0.2625 0.05546875 0.0375 0.0171875
1 0.02578125 0.16875 0.0515625 0.075
1 0.425 0.00625 0.0375 0.0125
1 0.13515625 0.95625 0.2328125 0.0875
1 0.675 0.04765625 0.0375 0.0421875
1 0.484375 0.8390625 0.0375 0.040625