2 0.31953125 0.659375 0.3828125 0.2875
2 0.65390625 0.66171875 0.3140625 0.3453125
2 0.44296875 0.59140625 0.0953125 0.0953125
2 0.88828125 0.7984375 0.2140625 0.0875
2 0.8640625 0.4578125 0.271875 0.778125
2 0.49765625 0.365625 0.1140625 0.73125
2 0.690625 0.64921875 0.084375 0.0671875
2 0.76796875 0.7875 0.0703125 0.05625
2 0.1546875 0.32890625 0.309375 0.6453125
2 0.32578125 0.68515625 0.0984375 0.0546875
2 0.39765625 0.63125 0.0546875 0.05
2 0.51875 0.3625 0.03125 0.075
2 0.1953125 0.78046875 0.14375 0.0734375
2 0.0578125 0.69140625 0.071875 0.5265625
1 0.94453125 0.2671875 0.0828125 0.128125
2 0.98203125 0.7921875 0.0359375 0.021875
2 0.33828125 0.31171875 0.0921875 0.0640625
2 0.53515625 0.04140625 0.0265625 0.0453125
1 0.5109375 0.70390625 0.03125 0.0515625
2 0.33671875 0.28046875 0.0296875 0.0390625
1 0.1625 0.78203125 0.0375 0.0265625
1 0.86328125 0.49453125 0.0328125 0.0515625