1 0.5046875 0.54453125 0.98125 0.2921875
1 0.6125 0.48515625 0.19375 0.1265625
2 0.43046875 0.53515625 0.1484375 0.0734375
1 0.0734375 0.671875 0.134375 0.053125
0 0.878125 0.44453125 0.234375 0.0984375
2 0.56875 0.51953125 0.05625 0.0421875
1 0.7125 0.425 0.15625 0.0625
0 0.1625 0.6296875 0.06875 0.059375
1 0.2796875 0.36328125 0.09375 0.0734375
1 0.1140625 0.05390625 0.19375 0.1046875
2 0.69296875 0.4359375 0.0265625 0.025
2 0.09765625 0.68125 0.0203125 0.01875
2 0.21796875 0.5890625 0.0265625 0.021875
2 0.2484375 0.57265625 0.040625 0.0390625
1 0.26796875 0.35625 0.0171875 0.025