2 0.21328125 0.47890625 0.4046875 0.1046875
2 0.78125 0.39765625 0.40625 0.1109375
2 0.65703125 0.48671875 0.2640625 0.0953125
2 0.725 0.68046875 0.55 0.6140625
2 0.290625 0.24296875 0.58125 0.4734375
2 0.025 0.50078125 0.05 0.0421875
2 0.94921875 0.35390625 0.1015625 0.0546875
2 0.88046875 0.19453125 0.2390625 0.3765625
1 0.26875 0.80703125 0.20625 0.1328125
1 0.23046875 0.6203125 0.0296875 0.0375
2 0.15546875 0.440625 0.0328125 0.028125
1 0.75703125 0.70546875 0.0484375 0.0203125
2 0.3421875 0.47265625 0.096875 0.0328125
1 0.89921875 0.28671875 0.0265625 0.0296875
1 0.83828125 0.740625 0.0203125 0.021875
2 0.51796875 0.72421875 0.0140625 0.0203125
2 0.478125 0.89296875 0.253125 0.2078125