1 0.24765625 0.5046875 0.1359375 0.9625
2 0.08203125 0.25625 0.1515625 0.45
2 0.72578125 0.30625 0.5484375 0.6125
2 0.4 0.50625 0.28125 0.15625
1 0.45625 0.2484375 0.0375 0.49375
1 0.68515625 0.803125 0.0515625 0.38125
1 0.22421875 0.0984375 0.0578125 0.196875
2 0.8390625 0.78515625 0.321875 0.4203125
2 0.1125 0.37578125 0.05 0.1109375
2 0.671875 0.5828125 0.209375 0.065625
2 0.52578125 0.56875 0.0515625 0.0375
2 0.22421875 0.7765625 0.0359375 0.140625
2 0.11953125 0.18046875 0.0265625 0.0296875
2 0.259375 0.39921875 0.034375 0.0859375
1 0.0671875 0.9609375 0.0625 0.021875
2 0.16875 0.94140625 0.025 0.0484375
2 0.0875 0.8296875 0.14375 0.340625
2 0.20546875 0.83125 0.0265625 0.04375
2 0.45078125 0.534375 0.0390625 0.04375