1 0.50546875 0.58671875 0.9796875 0.2390625
2 0.74375 0.2796875 0.5125 0.553125
2 0.26171875 0.25546875 0.5234375 0.5046875
2 0.52578125 0.5125 0.2171875 0.09375
2 0.04921875 0.6140625 0.0921875 0.278125
2 0.93125 0.57421875 0.1375 0.1046875
2 0.34921875 0.51328125 0.1078125 0.0484375
1 0.1390625 0.3625 0.04375 0.075
1 0.86171875 0.57265625 0.0390625 0.0546875
1 0.01484375 0.71171875 0.0296875 0.0984375
2 0.68671875 0.83125 0.3359375 0.33125
2 0.4171875 0.48671875 0.040625 0.0453125
2 0.9078125 0.83046875 0.184375 0.3390625
2 0.16953125 0.88203125 0.3046875 0.2265625
1 0.51328125 0.54765625 0.0203125 0.0265625
1 0.153125 0.7875 0.01875 0.03125
1 0.7375 0.153125 0.075 0.06875
1 0.534375 0.71640625 0.03125 0.0453125
1 0.93125 0.9703125 0.1 0.059375
1 0.3140625 0.4125 0.015625 0.025