2 0.88203125 0.60625 0.2359375 0.15
2 0.3640625 0.20546875 0.2875 0.3921875
2 0.7734375 0.20703125 0.3375 0.4046875
1 0.41796875 0.846875 0.1140625 0.30625
2 0.4390625 0.5546875 0.15 0.4125
2 0.33203125 0.21640625 0.0828125 0.0984375
2 0.4921875 0.80625 0.178125 0.03125
0 0.7125 0.3453125 0.13125 0.1
1 0.65078125 0.73671875 0.1140625 0.0578125
2 0.34453125 0.48515625 0.0859375 0.4546875
2 0.73828125 0.70390625 0.0609375 0.0328125
2 0.7890625 0.6671875 0.06875 0.059375
2 0.375 0.6828125 0.05 0.05625
2 0.3609375 0.64375 0.03125 0.04375
2 0.06875 0.5296875 0.1375 0.41875
2 0.58515625 0.7875 0.0421875 0.04375
2 0.20625 0.8046875 0.39375 0.390625
2 0.56640625 0.36796875 0.2328125 0.1078125
2 0.89296875 0.090625 0.0734375 0.125