1 0.56171875 0.09375 0.0765625 0.1625
1 0.49921875 0.8625 0.0640625 0.26875
2 0.1828125 0.49765625 0.365625 0.9578125
2 0.4046875 0.359375 0.046875 0.125
1 0.3421875 0.62265625 0.04375 0.0265625
2 0.3625 0.0359375 0.18125 0.06875
1 0.64921875 0.97890625 0.1515625 0.0421875
2 0.4609375 0.5265625 0.05625 0.09375
1 0.0484375 0.96328125 0.028125 0.0203125
1 0.6765625 0.9796875 0.01875 0.01875
1 0.3890625 0.85546875 0.028125 0.0484375
1 0.1203125 0.12421875 0.040625 0.0390625
1 0.5875 0.0203125 0.075 0.040625
2 0.48125 0.64296875 0.06875 0.1109375
1 0.3234375 0.21640625 0.053125 0.0546875
2 0.41015625 0.28125 0.0328125 0.03125
1 0.7765625 0.89296875 0.075 0.0671875