2 0.59375 0.82265625 0.30625 0.3421875
2 0.81640625 0.41171875 0.3671875 0.1203125
2 0.31484375 0.5734375 0.6296875 0.259375
2 0.33125 0.1625 0.16875 0.24375
2 0.175 0.3859375 0.35 0.178125
2 0.10390625 0.175 0.2078125 0.35
2 0.46796875 0.60546875 0.0953125 0.0734375
2 0.6875 0.91328125 0.0625 0.1640625
2 0.53203125 0.18671875 0.3078125 0.3390625
2 0.33125 0.6640625 0.2125 0.053125
2 0.2375 0.27890625 0.14375 0.0765625
1 0.13046875 0.62890625 0.1234375 0.0765625
2 0.171875 0.84140625 0.34375 0.3171875
2 0.6375 0.80625 0.0875 0.1
2 0.69375 0.44921875 0.11875 0.0359375
2 0.4546875 0.65625 0.06875 0.0375
1 0.3453125 0.7125 0.109375 0.05625
2 0.6 0.50703125 0.1125 0.1453125
2 0.56875 0.72890625 0.0625 0.0515625
2 0.8328125 0.6921875 0.334375 0.55
1 0.7734375 0.72421875 0.034375 0.0234375
2 0.30078125 0.34453125 0.0921875 0.0640625
1 0.72578125 0.99140625 0.0734375 0.0171875
2 0.61796875 0.3859375 0.1359375 0.13125
2 0.16875 0.43125 0.1 0.05625
2 0.67578125 0.84375 0.0296875 0.04375
1 0.34453125 0.978125 0.0390625 0.01875
1 0.58203125 0.33828125 0.0421875 0.0265625
1 0.375 0.10546875 0.0375 0.0421875
2 0.36875 0.92578125 0.075 0.1484375
1 0.74140625 0.87421875 0.0390625 0.0234375
1 0.375 0.96640625 0.03125 0.0296875