2 0.69921875 0.6 0.5546875 0.33125
2 0.8328125 0.184375 0.334375 0.36875
1 0.28515625 0.53515625 0.1515625 0.4328125
2 0.2578125 0.1703125 0.353125 0.340625
1 0.975 0.69140625 0.0375 0.6171875
2 0.64140625 0.35703125 0.5078125 0.1046875
2 0.15 0.6875 0.29375 0.06875
2 0.33515625 0.87578125 0.1265625 0.2484375
1 0.40703125 0.53828125 0.0546875 0.4203125
2 0.0625 0.18671875 0.05 0.3109375
2 0.31640625 0.3328125 0.1953125 0.059375
2 0.9109375 0.37265625 0.13125 0.0484375
2 0.11875 0.3234375 0.23125 0.05625
2 0.49296875 0.7296875 0.1609375 0.059375
2 0.2875 0.66171875 0.03125 0.0578125
2 0.596875 0.33125 0.046875 0.04375
2 0.84765625 0.3140625 0.0703125 0.021875
2 0.775 0.08046875 0.08125 0.1203125