2 0.5 0.89765625 0.05625 0.1890625
2 0.75546875 0.73125 0.4859375 0.5125
2 0.44375 0.65703125 0.0625 0.1671875
2 0.45078125 0.40078125 0.0734375 0.1109375
2 0.425 0.275 0.075 0.11875
2 0.2125 0.284375 0.41875 0.56875
1 0.21328125 0.5375 0.0546875 0.0625
2 0.44921875 0.5203125 0.0703125 0.075
2 0.45546875 0.75703125 0.0359375 0.0609375
2 0.790625 0.23046875 0.41875 0.4421875
1 0.39453125 0.98125 0.0796875 0.0375
1 0.59453125 0.159375 0.0578125 0.309375
1 0.05546875 0.984375 0.0203125 0.01875
1 0.75390625 0.54765625 0.0296875 0.0265625
1 0.8125 0.55703125 0.0875 0.0640625
1 0.06328125 0.5484375 0.0890625 0.046875
1 0.27265625 0.9765625 0.0796875 0.0375
1 0.64453125 0.9625 0.0359375 0.025
1 0.30078125 0.99453125 0.0203125 0.0109375
1 0.9859375 0.17265625 0.028125 0.0296875
2 0.3890625 0.19375 0.040625 0.04375
1 0.1125 0.96640625 0.075 0.0484375
1 0.06875 0.26796875 0.08125 0.1296875
1 0.96875 0.97421875 0.05625 0.0515625
1 0.7640625 0.9625 0.065625 0.05