1 0.49296875 0.50703125 0.1765625 0.9546875
2 0.23828125 0.22109375 0.4703125 0.4421875
1 0.29375 0.8171875 0.14375 0.365625
1 0.05546875 0.4515625 0.0515625 0.028125
1 0.51953125 0.9765625 0.0921875 0.046875
1 0.86171875 0.98203125 0.0296875 0.0203125
1 0.49296875 0.23671875 0.0828125 0.1046875
1 0.31328125 0.2640625 0.1234375 0.0875
1 0.33046875 0.3171875 0.0421875 0.021875
2 0.46796875 0.3921875 0.0203125 0.040625
1 0.48671875 0.35078125 0.0796875 0.0828125
1 0.42421875 0.0203125 0.0515625 0.040625
2 0.47421875 0.1921875 0.0296875 0.034375
2 0.42890625 0.76796875 0.0265625 0.0203125
1 0.5359375 0.65625 0.0875 0.0375
1 0.60390625 0.975 0.0734375 0.04375
1 0.53125 0.49765625 0.08125 0.0390625
1 0.9609375 0.73828125 0.028125 0.0296875
1 0.07265625 0.7140625 0.1390625 0.11875