1 0.45078125 0.3296875 0.1140625 0.659375
1 0.45625 0.825 0.0625 0.35
2 0.73671875 0.28515625 0.5203125 0.5640625
2 0.71875 0.76953125 0.5375 0.4515625
2 0.278125 0.81796875 0.225 0.3421875
1 0.47890625 0.16328125 0.0328125 0.2359375
2 0.465625 0.06171875 0.021875 0.0734375
2 0.4859375 0.57421875 0.03125 0.1140625
2 0.49375 0.44375 0.025 0.20625
2 0.45390625 0.98125 0.0203125 0.03125
2 0.53671875 0.45 0.0265625 0.0375
0 0.028125 0.54921875 0.05 0.9015625
1 0.64453125 0.59921875 0.1546875 0.1515625