1 0.4578125 0.4984375 0.128125 0.965625
1 0.50546875 0.55 0.9734375 0.05
1 0.5421875 0.76171875 0.071875 0.4703125
1 0.43671875 0.47421875 0.0609375 0.1359375
2 0.4875 0.54921875 0.14375 0.0234375
1 0.45 0.08671875 0.05 0.1671875
2 0.44921875 0.2 0.0515625 0.10625
2 0.42265625 0.33125 0.0515625 0.125
2 0.71328125 0.20703125 0.0609375 0.1828125
2 0.46015625 0.525 0.0171875 0.0625
1 0.07890625 0.7609375 0.1578125 0.471875
1 0.54140625 0.26875 0.0234375 0.0125
1 0.2828125 0.48828125 0.078125 0.0515625
1 0.53046875 0.48125 0.1640625 0.13125
1 0.10625 0.97265625 0.14375 0.0453125
2 0.33125 0.59375 0.01875 0.04375
2 0.39296875 0.4421875 0.0359375 0.0375
2 0.44453125 0.20625 0.0203125 0.025
1 0.9421875 0.48125 0.053125 0.03125
1 0.16640625 0.225 0.0390625 0.06875
2 0.46796875 0.19296875 0.0171875 0.0171875