1 0.4984375 0.42890625 0.975 0.2046875
2 0.503125 0.45703125 0.153125 0.0515625
0 0.10078125 0.49296875 0.1859375 0.0765625
2 0.59453125 0.53125 0.1703125 0.05
2 0.125 0.6734375 0.2375 0.1
2 0.728125 0.75078125 0.534375 0.4671875
1 0.39375 0.74609375 0.10625 0.5078125
2 0.909375 0.16640625 0.18125 0.3109375
2 0.1875 0.45 0.03125 0.025
1 0.24453125 0.81015625 0.1359375 0.1140625
1 0.5875 0.9375 0.05625 0.05625
2 0.33046875 0.49296875 0.0296875 0.0203125
1 0.0171875 0.853125 0.028125 0.015625
1 0.75703125 0.70078125 0.0421875 0.0203125
1 0.91875 0.1625 0.08125 0.05
1 0.92578125 0.96640625 0.0640625 0.0453125
1 0.3734375 0.9875 0.04375 0.025
1 0.71796875 0.59921875 0.0859375 0.0484375
1 0.28046875 0.63046875 0.0734375 0.0453125
1 0.45546875 0.4921875 0.0296875 0.021875