1 0.39375 0.496875 0.21875 0.975
1 0.37578125 0.925 0.1015625 0.13125
1 0.45625 0.1875 0.05625 0.325
2 0.4515625 0.6453125 0.065625 0.14375
2 0.7171875 0.70625 0.565625 0.575
2 0.740625 0.24453125 0.51875 0.4671875
2 0.1703125 0.475 0.340625 0.51875
2 0.41640625 0.80078125 0.0390625 0.0921875
2 0.14296875 0.10625 0.2703125 0.2125
2 0.665625 0.0671875 0.121875 0.090625
1 0.04375 0.11953125 0.06875 0.0578125
1 0.175 0.41953125 0.0375 0.0578125
1 0.34921875 0.596875 0.1171875 0.121875
1 0.975 0.4046875 0.03125 0.046875