2 0.42578125 0.54765625 0.8328125 0.8953125
2 0.68671875 0.30078125 0.1671875 0.1984375
2 0.89765625 0.09140625 0.1890625 0.1546875
1 0.46328125 0.58125 0.2671875 0.2125
2 0.09375 0.90390625 0.175 0.1859375
2 0.234375 0.7234375 0.190625 0.1875
2 0.6125 0.425 0.06875 0.125
2 0.91015625 0.71796875 0.1796875 0.2359375
2 0.89375 0.29765625 0.2125 0.3296875
2 0.1671875 0.80390625 0.075 0.0890625
2 0.54453125 0.53046875 0.0515625 0.0640625
2 0.66640625 0.16171875 0.0453125 0.0484375
2 0.15625 0.1265625 0.3125 0.25
1 0.3390625 0.35078125 0.05 0.0234375
2 0.5484375 0.09375 0.375 0.1875
2 0.0875 0.5 0.175 0.25
1 0.39296875 0.5296875 0.0640625 0.065625
2 0.54375 0.38515625 0.1 0.0890625