2 0.19296875 0.17578125 0.3140625 0.3296875
1 0.51796875 0.5046875 0.2265625 0.196875
1 0.71875 0.70078125 0.5375 0.4703125
2 0.64375 0.60703125 0.18125 0.1015625
2 0.34296875 0.35390625 0.2296875 0.2484375
2 0.34375 0.63671875 0.25625 0.1984375
1 0.94453125 0.83125 0.0953125 0.15625
2 0.74375 0.67890625 0.0625 0.0609375
2 0.5671875 0.309375 0.1 0.06875
2 0.03671875 0.80546875 0.0703125 0.1171875
2 0.2625 0.83359375 0.5125 0.3328125
1 0.63203125 0.9625 0.1578125 0.075
2 0.77265625 0.18828125 0.4421875 0.3546875
1 0.259375 0.6046875 0.065625 0.053125
2 0.1375 0.46875 0.275 0.35625
1 0.48203125 0.73125 0.0359375 0.05625
1 0.56171875 0.31015625 0.0265625 0.0234375
1 0.9125 0.9640625 0.1 0.04375