2 0.27890625 0.52578125 0.5484375 0.4984375
2 0.61328125 0.2828125 0.1984375 0.140625
2 0.8390625 0.11015625 0.24375 0.2015625
2 0.41875 0.44296875 0.1625 0.1703125
2 0.07421875 0.690625 0.1390625 0.11875
2 0.35390625 0.49921875 0.0515625 0.0734375
2 0.57578125 0.1359375 0.4015625 0.25625
1 0.0609375 0.33671875 0.11875 0.1203125
2 0.74453125 0.184375 0.0640625 0.065625
2 0.1609375 0.60703125 0.14375 0.0984375
2 0.51796875 0.31171875 0.0640625 0.0390625
2 0.76953125 0.53203125 0.4515625 0.5578125
2 0.69296875 0.23125 0.0421875 0.04375
1 0.8359375 0.9625 0.06875 0.05625
2 0.0921875 0.66796875 0.028125 0.0328125
2 0.37578125 0.278125 0.3140625 0.153125
2 0.31328125 0.28515625 0.0484375 0.0359375
2 0.88046875 0.8875 0.2390625 0.225
1 0.34296875 0.11171875 0.1453125 0.0859375
2 0.4609375 0.85390625 0.534375 0.2921875