2 0.27890625 0.52578125 0.5515625 0.4921875
2 0.61328125 0.2828125 0.1984375 0.140625
2 0.84140625 0.109375 0.2421875 0.2
2 0.075 0.6875 0.14375 0.11875
2 0.353125 0.49921875 0.05 0.0734375
2 0.74375 0.184375 0.06875 0.06875
1 0.06015625 0.3265625 0.1171875 0.10625
2 0.1609375 0.60703125 0.140625 0.0953125
2 0.51796875 0.31171875 0.0640625 0.0421875
2 0.825 0.46328125 0.35 0.4640625
1 0.28828125 0.24296875 0.1390625 0.0734375
2 0.69296875 0.23125 0.0421875 0.04375
1 0.8359375 0.9625 0.06875 0.05625
2 0.5234375 0.14140625 0.45625 0.2515625
1 0.35625 0.11015625 0.125 0.0671875
2 0.7078125 0.80390625 0.546875 0.3859375
1 0.9125 0.7171875 0.13125 0.115625
2 0.09296875 0.66953125 0.0296875 0.0265625