2 0.91640625 0.05625 0.1609375 0.1125
2 0.7796875 0.3375 0.440625 0.6625
2 0.2453125 0.36796875 0.48125 0.7234375
2 0.49453125 0.7234375 0.0359375 0.053125
2 0.16875 0.68828125 0.03125 0.0421875
2 0.5125 0.634375 0.05 0.096875
1 0.20703125 0.5546875 0.0359375 0.040625
2 0.85234375 0.76796875 0.2953125 0.4578125
2 0.490625 0.01953125 0.025 0.0328125
2 0.1390625 0.8078125 0.278125 0.38125
2 0.478125 0.80078125 0.025 0.0484375
2 0.51875 0.35546875 0.05625 0.0921875
1 0.5203125 0.46875 0.053125 0.125