2 0.53671875 0.4984375 0.1109375 0.971875
1 0.34375 0.48671875 0.23125 0.9640625
2 0.7734375 0.38203125 0.453125 0.7640625
0 0.9828125 0.4703125 0.034375 0.940625
2 0.51328125 0.0859375 0.0328125 0.165625
1 0.21171875 0.76953125 0.0390625 0.0640625
2 0.5484375 0.721875 0.05625 0.13125
1 0.3375 0.61953125 0.05625 0.0546875
2 0.13515625 0.16875 0.2703125 0.33125
2 0.53125 0.59921875 0.0375 0.1203125
1 0.93125 0.72265625 0.1375 0.2046875
2 0.52421875 0.5671875 0.0171875 0.025
1 0.78671875 0.99296875 0.0328125 0.0140625
1 0.54921875 0.90625 0.0578125 0.14375