2 0.884375 0.14296875 0.23125 0.2671875
2 0.2796875 0.49921875 0.553125 0.9765625
1 0.5421875 0.72578125 0.053125 0.0296875
2 0.81640625 0.56953125 0.3671875 0.8234375
2 0.45078125 0.21875 0.0359375 0.01875
1 0.475 0.96953125 0.075 0.0515625
2 0.43671875 0.10703125 0.2140625 0.2109375
1 0.30703125 0.66328125 0.0265625 0.0234375
1 0.184375 0.95546875 0.084375 0.0609375
1 0.71171875 0.98125 0.0828125 0.0375
1 0.55625 0.8484375 0.025 0.034375
2 0.55625 0.92421875 0.0375 0.1515625
1 0.40546875 0.971875 0.0828125 0.04375
2 0.61171875 0.10078125 0.1484375 0.1765625
1 0.21015625 0.45078125 0.0421875 0.0265625
1 0.6859375 0.6421875 0.025 0.05
1 0.07734375 0.69296875 0.1546875 0.1265625
1 0.4625 0.178125 0.025 0.03125
1 0.69296875 0.54296875 0.0234375 0.0203125
1 0.9640625 0.97890625 0.025 0.0390625
1 0.11875 0.6875 0.0375 0.0375
1 0.34296875 0.54765625 0.0265625 0.0234375
1 0.81328125 0.00859375 0.0578125 0.0171875
2 0.11171875 0.36015625 0.2015625 0.2078125