1 0.48671875 0.5234375 0.4578125 0.509375
1 0.14921875 0.86875 0.2828125 0.25
1 0.73046875 0.26328125 0.1390625 0.1453125
1 0.82890625 0.13203125 0.2578125 0.2515625
1 0.5890625 0.4125 0.13125 0.14375
1 0.3140625 0.7109375 0.13125 0.109375
1 0.059375 0.94140625 0.08125 0.0859375
1 0.09296875 0.54375 0.1109375 0.13125
2 0.13671875 0.16171875 0.2734375 0.3109375
2 0.64296875 0.33515625 0.0578125 0.0421875
2 0.3125 0.4 0.19375 0.13125
0 0.93515625 0.040625 0.0546875 0.08125
1 0.01953125 0.978125 0.0390625 0.03125
1 0.259375 0.75390625 0.040625 0.0421875
2 0.91328125 0.50546875 0.1734375 0.4171875
1 0.92890625 0.3859375 0.0484375 0.06875
1 0.03671875 0.31796875 0.0703125 0.0828125
2 0.48125 0.19296875 0.2125 0.2265625
1 0.95546875 0.96796875 0.0421875 0.0296875
2 0.89140625 0.81640625 0.1890625 0.2734375
1 0.79765625 0.6609375 0.0609375 0.065625
1 0.42421875 0.0359375 0.0515625 0.021875
2 0.47890625 0.86953125 0.2296875 0.2234375
2 0.95546875 0.67265625 0.0734375 0.0546875
1 0.79921875 0.2 0.0265625 0.01875
2 0.9484375 0.26953125 0.103125 0.1640625
2 0.11953125 0.3640625 0.1640625 0.203125
1 0.18046875 0.17578125 0.0234375 0.0265625