1 0.4953125 0.5859375 0.984375 0.28125
2 0.225 0.4703125 0.4375 0.065625
2 0.875 0.7 0.24375 0.05
2 0.43671875 0.89296875 0.2359375 0.2140625
2 0.17578125 0.55703125 0.3421875 0.0765625
2 0.2375 0.24296875 0.475 0.4515625
2 0.675 0.69296875 0.0375 0.0203125
2 0.77421875 0.2546875 0.4515625 0.471875
2 0.76953125 0.71796875 0.0640625 0.0234375
1 0.72578125 0.21171875 0.0765625 0.0484375
2 0.1609375 0.80546875 0.321875 0.3796875
1 0.79375 0.48828125 0.08125 0.0421875
1 0.82421875 0.65546875 0.0796875 0.0546875