1 0.24296875 0.42421875 0.0390625 0.8109375
1 0.48828125 0.56796875 0.1453125 0.4484375
2 0.5171875 0.5 0.040625 0.1
2 0.63125 0.15546875 0.125 0.2828125
2 0.32890625 0.81171875 0.0484375 0.0234375
2 0.48046875 0.41796875 0.0703125 0.0734375
2 0.546875 0.71015625 0.03125 0.1015625
2 0.3625 0.06015625 0.0125 0.0296875
1 0.11875 0.41015625 0.2125 0.7796875
2 0.48515625 0.81015625 0.1421875 0.0234375
2 0.55703125 0.78828125 0.0265625 0.0515625
2 0.31328125 0.1359375 0.0265625 0.01875
2 0.35546875 0.025 0.0140625 0.01875
2 0.4375 0.37421875 0.01875 0.0171875
1 0.51171875 0.5703125 0.0140625 0.025
2 0.7625 0.56171875 0.23125 0.4765625
2 0.40625 0.81171875 0.05 0.0234375
2 0.41796875 0.02265625 0.0609375 0.0109375
1 0.51796875 0.51328125 0.0140625 0.0203125
1 0.375 0.33125 0.00625 0.01875
1 0.50546875 0.02578125 0.9859375 0.0265625
2 0.46328125 0.40546875 0.0203125 0.0203125
1 0.84453125 0.8125 0.0484375 0.0125
2 0.50625 0.84921875 0.96875 0.0578125
1 0.23828125 0.84296875 0.0390625 0.0234375
1 0.09375 0.81171875 0.03125 0.0234375