1 0.5 0.50390625 0.98125 0.1390625
2 0.84921875 0.5171875 0.1109375 0.0375
2 0.68671875 0.5078125 0.1640625 0.053125
2 0.36953125 0.52578125 0.1015625 0.0390625
2 0.21015625 0.55546875 0.0609375 0.0546875
2 0.11171875 0.7796875 0.2171875 0.440625
1 0.24921875 0.14375 0.1109375 0.2875
2 0.7921875 0.78515625 0.403125 0.3765625
2 0.9359375 0.50546875 0.128125 0.0734375
1 0.06015625 0.97734375 0.0453125 0.0453125
1 0.39375 0.9484375 0.125 0.103125
2 0.4734375 0.79453125 0.31875 0.4109375
1 0.6140625 0.18203125 0.140625 0.3640625