1 0.50078125 0.70390625 0.9796875 0.1046875
1 0.26875 0.2875 0.05 0.575
2 0.46328125 0.35625 0.4796875 0.69375
2 0.7640625 0.6953125 0.10625 0.053125
1 0.12265625 0.53515625 0.2421875 0.3640625
2 0.46640625 0.7140625 0.0953125 0.040625
2 0.24296875 0.3875 0.0328125 0.09375
2 0.3546875 0.71796875 0.078125 0.0421875
2 0.6625 0.72578125 0.05 0.0359375
2 0.21015625 0.68046875 0.0703125 0.0421875
1 0.6375 0.9765625 0.09375 0.0375
2 0.8109375 0.22890625 0.378125 0.4328125
2 0.95546875 0.70390625 0.0828125 0.0546875
2 0.5171875 0.85703125 0.5375 0.2796875
1 0.2484375 0.575 0.0625 0.225
2 0.06953125 0.71328125 0.1390625 0.0515625
2 0.59296875 0.7046875 0.1390625 0.05
2 0.25 0.61875 0.01875 0.05
2 0.278125 0.14453125 0.025 0.0515625
2 0.70703125 0.71015625 0.0390625 0.0296875
1 0.04140625 0.45703125 0.0828125 0.0765625
2 0.27578125 0.0328125 0.0203125 0.065625
2 0.27421875 0.671875 0.0484375 0.05
2 0.85 0.67890625 0.05 0.0421875