1 0.4984375 0.22421875 0.96875 0.1859375
1 0.47890625 0.73046875 0.9328125 0.2046875
1 0.4953125 0.48046875 0.984375 0.1671875
1 0.3234375 0.759375 0.15 0.096875
2 0.46171875 0.725 0.1078125 0.075
1 0.87890625 0.53671875 0.2171875 0.0859375
2 0.69296875 0.7859375 0.1609375 0.078125
0 0.146875 0.2640625 0.184375 0.065625
0 0.0765625 0.465625 0.153125 0.090625
0 0.4515625 0.2671875 0.153125 0.065625
0 0.96875 0.58671875 0.0625 0.0984375
2 0.45546875 0.89765625 0.3421875 0.2046875
0 0.08046875 0.5984375 0.1265625 0.109375
1 0.02421875 0.2390625 0.0484375 0.046875
1 0.41796875 0.95703125 0.0703125 0.0703125
0 0.375 0.26328125 0.0375 0.0578125
1 0.6125 0.45 0.23125 0.05
2 0.13515625 0.88125 0.2703125 0.23125
1 0.84375 0.690625 0.05625 0.05
1 0.2 0.26796875 0.03125 0.0359375
1 0.66875 0.9265625 0.11875 0.1375
2 0.9109375 0.4125 0.16875 0.13125
1 0.49453125 0.02890625 0.0328125 0.0390625
1 0.41796875 0.84296875 0.0390625 0.0609375