2 0.43515625 0.50078125 0.3109375 0.9640625
2 0.35 0.06171875 0.1375 0.1203125
2 0.5109375 0.1234375 0.171875 0.075
1 0.4375 0.54296875 0.075 0.3265625
2 0.24921875 0.12578125 0.0828125 0.0546875
1 0.56796875 0.2734375 0.0671875 0.178125
2 0.75 0.21796875 0.38125 0.1203125
1 0.34140625 0.89375 0.1578125 0.20625
2 0.7390625 0.26328125 0.08125 0.0203125
1 0.1890625 0.34375 0.040625 0.025
2 0.10546875 0.346875 0.1953125 0.065625
2 0.68046875 0.0609375 0.3390625 0.053125
1 0.16171875 0.2375 0.0328125 0.025
2 0.16875 0.40546875 0.33125 0.7703125
2 0.41171875 0.75078125 0.0890625 0.2296875
1 0.36015625 0.21328125 0.0265625 0.0296875
2 0.39765625 0.81953125 0.0328125 0.0359375
2 0.375 0.88125 0.05 0.0625
2 0.82578125 0.40625 0.3359375 0.3375
2 0.44453125 0.690625 0.0359375 0.028125
1 0.03671875 0.08515625 0.0734375 0.0484375
1 0.8109375 0.77265625 0.01875 0.0296875
1 0.975 0.73203125 0.025 0.0171875
1 0.35625 0.946875 0.0375 0.01875
2 0.7484375 0.77265625 0.49375 0.4421875
1 0.534375 0.9328125 0.05625 0.03125
2 0.44140625 0.11328125 0.0203125 0.0265625
1 0.97265625 0.43125 0.0296875 0.01875