1 0.546875 0.46796875 0.334375 0.2640625
2 0.8171875 0.3296875 0.28125 0.09375
1 0.15078125 0.60390625 0.2890625 0.1046875
2 0.7484375 0.16171875 0.503125 0.3234375
2 0.69453125 0.35390625 0.0578125 0.0546875
2 0.94375 0.3234375 0.08125 0.05
1 0.415625 0.64921875 0.05625 0.0734375
2 0.321875 0.8 0.64375 0.4
1 0.0578125 0.61171875 0.053125 0.0515625
2 0.28671875 0.175 0.5703125 0.34375
2 0.9625 0.3734375 0.04375 0.065625
2 0.8296875 0.8109375 0.340625 0.378125
2 0.75078125 0.3015625 0.0234375 0.021875