1 0.49765625 0.4671875 0.9796875 0.43125
2 0.8546875 0.4984375 0.246875 0.09375
1 0.6234375 0.53046875 0.2375 0.1703125
2 0.18125 0.28515625 0.325 0.0890625
1 0.13671875 0.51640625 0.2609375 0.0765625
1 0.63515625 0.38671875 0.1484375 0.1453125
2 0.24453125 0.14140625 0.4890625 0.2828125
1 0.815625 0.646875 0.36875 0.11875
2 0.9625 0.5234375 0.075 0.03125
1 0.41875 0.59921875 0.23125 0.0671875
2 0.8125 0.66328125 0.08125 0.0484375
2 0.35625 0.81171875 0.68125 0.3703125
1 0.47890625 0.8890625 0.0453125 0.046875
1 0.28125 0.940625 0.03125 0.04375
1 0.984375 0.85 0.021875 0.0375
2 0.60625 0.69296875 0.0875 0.0578125