2 0.24921875 0.60625 0.4859375 0.35625
2 0.65 0.5125 0.325 0.2
2 0.50625 0.14140625 0.05 0.2765625
2 0.89453125 0.71171875 0.1671875 0.1609375
2 0.36328125 0.2125 0.3359375 0.41875
2 0.7578125 0.2125 0.478125 0.41875
2 0.596875 0.49375 0.065625 0.04375
2 0.5203125 0.4421875 0.065625 0.065625
2 0.31875 0.5625 0.10625 0.0625
2 0.4671875 0.446875 0.046875 0.059375
2 0.2265625 0.69140625 0.08125 0.0953125
2 0.50078125 0.3359375 0.0484375 0.1625
2 0.63203125 0.5171875 0.0453125 0.0375
2 0.925 0.74375 0.03125 0.0375
2 0.15625 0.7734375 0.06875 0.090625
2 0.65 0.78203125 0.6125 0.4328125
1 0.39375 0.53828125 0.0375 0.0390625
2 0.375 0.4625 0.03125 0.025
1 0.11328125 0.28828125 0.1078125 0.0703125
2 0.9921875 0.7640625 0.015625 0.021875
1 0.4578125 0.18046875 0.05625 0.0359375
2 0.9 0.46875 0.2 0.2625
1 0.96171875 0.4046875 0.0421875 0.05625
1 0.91796875 0.95078125 0.0171875 0.0109375
1 0.72890625 0.22265625 0.0453125 0.0328125