2 0.30625 0.43515625 0.6 0.6984375
2 0.57265625 0.1875 0.0578125 0.23125
2 0.24921875 0.30390625 0.4984375 0.0640625
2 0.76796875 0.16875 0.4578125 0.33125
1 0.5890625 0.4984375 0.05 0.15625
2 0.7765625 0.65546875 0.446875 0.6734375
1 0.13125 0.71640625 0.25625 0.1203125
2 0.56640625 0.30546875 0.0578125 0.0328125
2 0.25546875 0.64453125 0.0828125 0.0421875
2 0.609375 0.27421875 0.021875 0.0203125
2 0.565625 0.08125 0.040625 0.04375
2 0.5 0.50703125 0.08125 0.0796875
2 0.48671875 0.29921875 0.1203125 0.0484375
2 0.70625 0.315625 0.175 0.04375
1 0.26171875 0.44140625 0.0390625 0.0203125
1 0.37578125 0.3640625 0.0296875 0.021875
2 0.54296875 0.46328125 0.0328125 0.0515625
2 0.5375 0.1046875 0.0375 0.0375
2 0.58671875 0.17578125 0.0140625 0.0171875
1 0.15 0.4109375 0.05625 0.021875
1 0.92578125 0.8671875 0.1203125 0.0875
2 0.5875 0.5484375 0.025 0.01875
1 0.92890625 0.83828125 0.0390625 0.0265625
1 0.05390625 0.5 0.0859375 0.025
1 0.2125 0.16875 0.04375 0.0125
1 0.30625 0.38203125 0.0375 0.0203125
1 0.83046875 0.9 0.0359375 0.025
1 0.58671875 0.9328125 0.0203125 0.01875
1 0.31328125 0.8890625 0.0234375 0.015625
1 0.2375 0.9 0.025 0.01875
1 0.33046875 0.2515625 0.0828125 0.025
1 0.06875 0.17578125 0.0875 0.0359375
1 0.9625 0.50703125 0.05 0.0265625
1 0.4484375 0.47578125 0.021875 0.0140625
1 0.3359375 0.96796875 0.025 0.0171875