1 0.321875 0.49921875 0.053125 0.9640625
1 0.71875 0.49453125 0.0625 0.9578125
2 0.1671875 0.225 0.33125 0.45
2 0.8703125 0.28671875 0.259375 0.5734375
2 0.53203125 0.2859375 0.4046875 0.565625
2 0.73125 0.66875 0.03125 0.16875
2 0.7359375 0.5796875 0.021875 0.059375
1 0.01953125 0.5234375 0.0359375 0.953125
2 0.31953125 0.34453125 0.0265625 0.0796875
2 0.69765625 0.10078125 0.0296875 0.0703125
1 0.34765625 0.8203125 0.0265625 0.359375
0 0.9921875 0.49375 0.015625 0.96875
2 0.74296875 0.88125 0.0390625 0.23125
2 0.01171875 0.5171875 0.0234375 0.11875
2 0.871875 0.80546875 0.25625 0.3890625
2 0.725 0.34921875 0.01875 0.0609375
1 0.1421875 0.2015625 0.028125 0.025
1 0.0140625 0.86796875 0.028125 0.1140625
1 0.56328125 0.91328125 0.1234375 0.0765625
1 0.27890625 0.7390625 0.0203125 0.01875
1 0.44921875 0.86875 0.0140625 0.04375