1 0.45546875 0.24296875 0.1171875 0.1421875
1 0.51796875 0.1265625 0.1140625 0.19375
1 0.48828125 0.8875 0.0515625 0.18125
2 0.225 0.75546875 0.45 0.4796875
2 0.40390625 0.31328125 0.0328125 0.0609375
2 0.19375 0.2875 0.38125 0.575
2 0.4171875 0.26015625 0.028125 0.0265625
2 0.875 0.2421875 0.25 0.4375
1 0.08203125 0.88828125 0.0515625 0.0359375
2 0.46640625 0.09375 0.0765625 0.05
1 0.153125 0.12578125 0.0375 0.0453125
2 0.7921875 0.73828125 0.40625 0.5046875
1 0.2921875 0.95546875 0.025 0.0140625
1 0.98125 0.0421875 0.03125 0.03125
1 0.65546875 0.9 0.0171875 0.01875
1 0.93671875 0.49296875 0.0421875 0.0203125
1 0.371875 0.03828125 0.021875 0.0265625
1 0.45 0.99375 0.04375 0.0125
1 0.0375 0.1484375 0.075 0.25625
1 0.75546875 0.96015625 0.0171875 0.0171875