2 0.50390625 0.3625 0.3609375 0.3625
1 0.49375 0.70390625 0.98125 0.1015625
2 0.3625 0.1 0.16875 0.2
1 0.67421875 0.55546875 0.0421875 0.0671875
2 0.2484375 0.3 0.18125 0.16875
1 0.06953125 0.2984375 0.0609375 0.0375
1 0.26953125 0.39453125 0.0703125 0.0609375
1 0.02890625 0.5375 0.0578125 0.05625
1 0.66953125 0.49453125 0.0515625 0.0546875
1 0.725 0.5375 0.04375 0.03125
2 0.13671875 0.740625 0.0859375 0.025
1 0.5828125 0.41640625 0.034375 0.0671875
1 0.0921875 0.3484375 0.046875 0.025
2 0.75703125 0.25 0.1734375 0.09375
1 0.29765625 0.16015625 0.0359375 0.0828125
1 0.59921875 0.825 0.0640625 0.03125
1 0.609375 0.33203125 0.040625 0.0203125
2 0.79296875 0.15703125 0.1453125 0.0765625