1 0.49921875 0.43671875 0.9765625 0.3984375
2 0.82578125 0.28515625 0.2984375 0.0984375
1 0.18671875 0.6 0.3546875 0.075
1 0.4046875 0.52890625 0.225 0.1421875
1 0.58671875 0.39296875 0.1546875 0.0953125
2 0.66796875 0.325 0.0859375 0.075
2 0.4640625 0.47421875 0.059375 0.0359375
2 0.7171875 0.29140625 0.05625 0.0421875
2 0.7734375 0.125 0.453125 0.24375
2 0.31875 0.790625 0.6375 0.409375
2 0.97578125 0.29921875 0.0453125 0.0296875
2 0.01875 0.6 0.0375 0.0625
1 0.0875 0.81796875 0.025 0.0515625
2 0.35 0.61796875 0.05625 0.0578125
2 0.784375 0.790625 0.43125 0.41875
2 0.74140625 0.26328125 0.0328125 0.0265625
2 0.18359375 0.14296875 0.3671875 0.2828125
1 0.99453125 0.66953125 0.0109375 0.0421875