1 0.6 0.503125 0.15 0.9625
2 0.36171875 0.76328125 0.1359375 0.4640625
2 0.59140625 0.3171875 0.0359375 0.125
1 0.5875 0.11875 0.0625 0.2375
2 0.25625 0.4875 0.5125 0.08125
1 0.48515625 0.728125 0.1015625 0.54375
2 0.46328125 0.50546875 0.1296875 0.0328125
1 0.28125 0.05546875 0.1 0.1046875
2 0.78125 0.43125 0.4375 0.05625
2 0.19921875 0.25390625 0.3890625 0.4953125
2 0.4125 0.6984375 0.06875 0.065625
1 0.1375 0.1765625 0.03125 0.0375
2 0.89375 0.58203125 0.2125 0.7921875
1 0.0875 0.45078125 0.03125 0.0484375
1 0.68125 0.5625 0.0625 0.125
2 0.596875 0.2 0.040625 0.0375
2 0.4 0.5859375 0.03125 0.071875
1 0.58671875 0.1734375 0.0265625 0.025
2 0.9734375 0.48125 0.053125 0.1
2 0.834375 0.2 0.021875 0.025
1 0.25703125 0.9625 0.0546875 0.05625
2 0.8859375 0.26875 0.01875 0.025
1 0.63125 0.30390625 0.0375 0.0484375
1 0.77421875 0.034375 0.0421875 0.021875
2 0.7125 0.04375 0.25625 0.08125
2 0.4890625 0.94453125 0.046875 0.1109375
2 0.16796875 0.8078125 0.3359375 0.365625