1 0.50546875 0.5796875 0.9890625 0.153125
2 0.89765625 0.59765625 0.1859375 0.0734375
2 0.76171875 0.61328125 0.0828125 0.0421875
2 0.64453125 0.59296875 0.0921875 0.0359375
2 0.3171875 0.56953125 0.18125 0.0484375
2 0.48828125 0.58203125 0.1671875 0.0546875
2 0.096875 0.54453125 0.184375 0.0671875
2 0.6984375 0.6125 0.065625 0.0375
2 0.80703125 0.8046875 0.3859375 0.3875
1 0.04140625 0.69296875 0.0203125 0.0421875
2 0.2765625 0.25546875 0.553125 0.4984375
2 0.16875 0.80078125 0.3375 0.3671875
2 0.77890625 0.22421875 0.4421875 0.4234375
1 0.4015625 0.40546875 0.096875 0.0734375
1 0.83671875 0.98125 0.0234375 0.025