2 0.56015625 0.18671875 0.0515625 0.1921875
2 0.30078125 0.44921875 0.5921875 0.6578125
1 0.1375 0.69921875 0.25625 0.1265625
1 0.42265625 0.54921875 0.2328125 0.1453125
2 0.78671875 0.3171875 0.4265625 0.065625
1 0.571875 0.08046875 0.075 0.0515625
2 0.25 0.31328125 0.5 0.0609375
2 0.75234375 0.6640625 0.4953125 0.671875
2 0.2734375 0.63125 0.134375 0.0625
2 0.5578125 0.4015625 0.046875 0.065625
2 0.57421875 0.55390625 0.0421875 0.0359375
2 0.53671875 0.4640625 0.0265625 0.04375
1 0.98203125 0.69921875 0.0265625 0.0171875
2 0.20546875 0.66328125 0.0578125 0.0484375
2 0.12578125 0.7 0.0515625 0.025
2 0.57421875 0.32578125 0.0484375 0.1171875
1 0.69140625 0.296875 0.0828125 0.025
2 0.54765625 0.11796875 0.0234375 0.0328125
1 0.41953125 0.9015625 0.0265625 0.021875
2 0.59375 0.2859375 0.01875 0.015625
1 0.05703125 0.50625 0.0984375 0.04375
1 0.3140625 0.8796875 0.025 0.01875
2 0.6234375 0.05625 0.015625 0.0125
1 0.08125 0.084375 0.03125 0.015625
1 0.9328125 0.50703125 0.0375 0.0265625
2 0.02421875 0.7375 0.0359375 0.03125
1 0.575 0.91796875 0.01875 0.0140625
1 0.36953125 0.475 0.0515625 0.01875
1 0.26796875 0.41640625 0.1390625 0.0796875
1 0.90625 0.69375 0.175 0.06875
1 0.7859375 0.9625 0.378125 0.06875
2 0.2328125 0.8625 0.465625 0.2625
1 0.0796875 0.18828125 0.075 0.0296875
1 0.3265625 0.26171875 0.078125 0.0203125