2 0.83671875 0.30546875 0.3234375 0.6109375
1 0.32421875 0.534375 0.6484375 0.134375
1 0.675 0.45546875 0.11875 0.2609375
2 0.2546875 0.5484375 0.1375 0.05
1 0.18671875 0.78203125 0.0921875 0.4328125
2 0.39375 0.53671875 0.1375 0.0515625
2 0.153125 0.16796875 0.1375 0.0765625
1 0.34296875 0.2984375 0.1078125 0.590625
2 0.6625 0.5765625 0.0875 0.040625
1 0.04921875 0.71640625 0.0578125 0.0890625
2 0.4921875 0.76953125 0.434375 0.4578125
1 0.215625 0.26796875 0.18125 0.4546875
2 0.784375 0.07265625 0.1125 0.1453125
2 0.13828125 0.55078125 0.1234375 0.0515625
2 0.05703125 0.525 0.1015625 0.05625
2 0.8609375 0.7765625 0.278125 0.43125
1 0.0625 0.8125 0.03125 0.05
2 0.32578125 0.2515625 0.0328125 0.078125
2 0.21015625 0.36875 0.0359375 0.08125
1 0.1171875 0.98203125 0.04375 0.0296875
1 0.7875 0.92890625 0.04375 0.1296875
1 0.18125 0.78125 0.03125 0.05
2 0.25625 0.34140625 0.05625 0.0234375
2 0.31953125 0.51796875 0.0265625 0.0609375
1 0.05390625 0.9828125 0.0453125 0.034375
1 0.1609375 0.90546875 0.021875 0.0484375
1 0.2875 0.3015625 0.025 0.05625
1 0.2453125 0.41640625 0.01875 0.0421875
1 0.26640625 0.4875 0.0234375 0.04375
1 0.0921875 0.91015625 0.1625 0.1796875
1 0.4859375 0.5390625 0.05 0.053125