1 0.56953125 0.18515625 0.1015625 0.2546875
1 0.5109375 0.33125 0.09375 0.21875
2 0.46171875 0.0546875 0.1984375 0.10625
2 0.7796875 0.19921875 0.3625 0.0890625
2 0.29296875 0.05625 0.0953125 0.09375
1 0.34296875 0.93203125 0.1390625 0.1140625
1 0.45546875 0.696875 0.0953125 0.296875
2 0.409375 0.87890625 0.034375 0.0234375
2 0.6125 0.090625 0.05625 0.034375
1 0.2390625 0.290625 0.046875 0.025
2 0.48046875 0.68671875 0.0296875 0.0265625
2 0.63125 0.28125 0.09375 0.09375
1 0.25625 0.06328125 0.025 0.0234375
2 0.51875 0.32421875 0.04375 0.0359375
1 0.21875 0.20625 0.11875 0.075
1 0.40625 0.16796875 0.025 0.0265625
2 0.50390625 0.45390625 0.0328125 0.0234375
2 0.43046875 0.8 0.0234375 0.03125
1 0.9421875 0.70546875 0.071875 0.0421875
2 0.46796875 0.36875 0.0203125 0.03125
2 0.85 0.5234375 0.3 0.478125
1 0.6671875 0.725 0.075 0.03125
1 0.5765625 0.86875 0.05625 0.03125