1 0.5 0.41796875 0.98125 0.1984375
0 0.771875 0.34296875 0.30625 0.0578125
1 0.34296875 0.4375 0.2640625 0.06875
2 0.9015625 0.525 0.196875 0.05
0 0.125 0.39921875 0.2375 0.0734375
2 0.5578125 0.3609375 0.10625 0.046875
0 0.5125 0.42578125 0.075 0.0609375
2 0.9015625 0.35625 0.05625 0.04375
2 0.3078125 0.71328125 0.615625 0.5484375
2 0.234375 0.17421875 0.46875 0.3328125
2 0.37578125 0.465625 0.0453125 0.025
1 0.18671875 0.93828125 0.0421875 0.0515625
2 0.809375 0.75546875 0.38125 0.4640625
0 0.4625 0.44453125 0.05625 0.0359375
1 0.03046875 0.81640625 0.0453125 0.0546875
2 0.696875 0.31328125 0.075 0.0484375