2 0.19296875 0.36875 0.3828125 0.075
2 0.196875 0.53046875 0.34375 0.0640625
2 0.73671875 0.3734375 0.5140625 0.065625
2 0.84296875 0.44140625 0.2515625 0.0640625
2 0.59375 0.48515625 0.38125 0.0515625
2 0.19375 0.43671875 0.15625 0.1140625
2 0.1734375 0.27890625 0.340625 0.0515625
2 0.91875 0.25078125 0.15 0.0515625
2 0.55625 0.2921875 0.19375 0.034375
2 0.24921875 0.76875 0.4953125 0.45625
2 0.75625 0.09375 0.1625 0.075
2 0.5109375 0.24140625 0.24375 0.0984375
2 0.72890625 0.721875 0.5390625 0.515625
2 0.8484375 0.2046875 0.1 0.06875
2 0.58203125 0.06015625 0.1765625 0.0453125
2 0.33125 0.5203125 0.05 0.034375
2 0.19921875 0.13515625 0.0984375 0.0953125
2 0.2609375 0.17265625 0.515625 0.3453125
2 0.7921875 0.3109375 0.034375 0.065625
2 0.34140625 0.18515625 0.2421875 0.0359375
2 0.05 0.1484375 0.0875 0.059375
2 0.1796875 0.05078125 0.15 0.1015625
1 0.75 0.4625 0.05625 0.025
1 0.68046875 0.19375 0.0578125 0.025