1 0.4515625 0.3140625 0.146875 0.628125
1 0.21015625 0.48828125 0.1140625 0.9546875
1 0.0859375 0.5140625 0.1625 0.74375
2 0.12421875 0.16875 0.1359375 0.09375
0 0.66171875 0.503125 0.2546875 0.984375
2 0.7015625 0.83046875 0.05 0.3234375
2 0.525 0.62421875 0.0875 0.0484375
1 0.14375 0.81171875 0.05625 0.3671875
2 0.68125 0.65 0.16875 0.05625
1 0.87265625 0.53125 0.0328125 0.03125
2 0.465625 0.4109375 0.0375 0.2625
2 0.1140625 0.5625 0.025 0.0625
2 0.45 0.8109375 0.06875 0.378125
2 0.4546875 0.57421875 0.034375 0.0796875
2 0.1984375 0.1015625 0.05625 0.2
2 0.23515625 0.43515625 0.0296875 0.0890625
1 0.44921875 0.08125 0.0234375 0.1625
2 0.1125 0.71015625 0.025 0.0265625