1 0.2546875 0.53828125 0.1375 0.9234375
2 0.21640625 0.90625 0.0703125 0.18125
1 0.65625 0.34296875 0.04375 0.0203125
1 0.01953125 0.81328125 0.0140625 0.0171875
1 0.165625 0.1765625 0.021875 0.009375
1 0.034375 0.8265625 0.05625 0.096875
2 0.2859375 0.25390625 0.025 0.0140625
2 0.2375 0.84375 0.025 0.04375
2 0.2796875 0.61796875 0.021875 0.0265625
1 0.19140625 0.38828125 0.0453125 0.0390625
1 0.09453125 0.76328125 0.0140625 0.0109375
0 0.54453125 0.4921875 0.2609375 0.965625
1 0.20703125 0.0765625 0.0140625 0.015625
1 0.80546875 0.98203125 0.0265625 0.0109375
1 0.69296875 0.85 0.0203125 0.01875
1 0.22890625 0.5109375 0.0265625 0.021875
1 0.00625 0.30703125 0.0125 0.0140625
1 0.08671875 0.975 0.0265625 0.025
0 0.92890625 0.50546875 0.1359375 0.9640625
1 0.625 0.63671875 0.03125 0.0296875
2 0.47421875 0.9328125 0.0078125 0.034375
1 0.3421875 0.1109375 0.0125 0.009375