2 0.24375 0.64765625 0.4625 0.2578125
2 0.5734375 0.565625 0.2625 0.221875
2 0.9015625 0.56171875 0.184375 0.1515625
2 0.17890625 0.70625 0.0953125 0.0625
2 0.73125 0.26015625 0.5375 0.5109375
2 0.4609375 0.209375 0.034375 0.41875
2 0.36875 0.59375 0.14375 0.05
2 0.34296875 0.30625 0.3015625 0.60625
2 0.6796875 0.65078125 0.084375 0.0609375
2 0.8265625 0.77421875 0.334375 0.4328125
2 0.53515625 0.840625 0.3859375 0.31875
2 0.4609375 0.33828125 0.015625 0.0421875
1 0.44453125 0.6125 0.0390625 0.075
2 0.46171875 0.24296875 0.0171875 0.0671875
2 0.8234375 0.51796875 0.028125 0.0296875
1 0.0703125 0.19765625 0.1375 0.1890625
2 0.9734375 0.4578125 0.025 0.028125
2 0.4375 0.58125 0.01875 0.01875
1 0.51953125 0.40546875 0.0703125 0.0484375
1 0.8875 0.51796875 0.04375 0.0390625
1 0.70625 0.26171875 0.0375 0.0265625
1 0.5421875 0.91171875 0.028125 0.0203125
1 0.0171875 0.59765625 0.028125 0.0484375
1 0.05546875 0.1109375 0.0171875 0.01875