2 0.1875 0.51796875 0.36875 0.1359375
2 0.8765625 0.48515625 0.246875 0.1484375
2 0.33046875 0.75078125 0.6609375 0.4859375
2 0.65546875 0.28125 0.6859375 0.525
2 0.18515625 0.51171875 0.0890625 0.0453125
2 0.55625 0.53046875 0.40625 0.0765625
2 0.1875 0.18203125 0.375 0.3640625
2 0.30625 0.48046875 0.1 0.0390625
2 0.68671875 0.54453125 0.0765625 0.0359375
2 0.075 0.56953125 0.14375 0.0359375
2 0.8265625 0.725 0.346875 0.425
2 0.51328125 0.5546875 0.0734375 0.03125
2 0.046875 0.43125 0.09375 0.0625
2 0.4015625 0.525 0.059375 0.0375
1 0.83125 0.375 0.0375 0.03125
2 0.421875 0.45390625 0.071875 0.0390625
1 0.9046875 0.36328125 0.034375 0.0421875
1 0.57421875 0.2875 0.1203125 0.0875
1 0.62890625 0.98046875 0.0921875 0.0328125
1 0.8515625 0.11171875 0.05625 0.0546875
1 0.975 0.81796875 0.05 0.0921875
1 0.94453125 0.12890625 0.0265625 0.0234375
1 0.03671875 0.27890625 0.0734375 0.0734375
2 0.9625 0.36796875 0.075 0.1484375
1 0.58046875 0.23828125 0.0578125 0.0421875
1 0.7765625 0.4609375 0.046875 0.040625