2 0.50078125 0.66875 0.9859375 0.325
1 0.9171875 0.7921875 0.146875 0.05
0 0.12421875 0.58828125 0.2359375 0.1359375
2 0.29375 0.53203125 0.31875 0.0578125
2 0.71171875 0.63046875 0.0578125 0.0421875
2 0.55703125 0.55546875 0.0953125 0.0421875
1 0.78671875 0.70625 0.1296875 0.15
2 0.48671875 0.534375 0.0796875 0.034375
2 0.721875 0.2578125 0.55625 0.515625
2 0.171875 0.27421875 0.34375 0.5359375
2 0.9859375 0.5171875 0.028125 0.090625
2 0.99140625 0.8 0.0171875 0.025
1 0.21875 0.89453125 0.075 0.1046875
1 0.98046875 0.3921875 0.0328125 0.065625
1 0.95625 0.35078125 0.03125 0.0390625
1 0.7453125 0.96796875 0.053125 0.0484375