1 0.50546875 0.49921875 0.9796875 0.1484375
2 0.15390625 0.43125 0.2921875 0.0375
2 0.2640625 0.22421875 0.51875 0.4390625
2 0.73046875 0.55546875 0.1359375 0.0359375
2 0.61875 0.5375 0.1625 0.05
2 0.50703125 0.4984375 0.1171875 0.05625
2 0.7171875 0.7625 0.565625 0.46875
1 0.33125 0.44375 0.2 0.03125
2 0.7296875 0.19921875 0.540625 0.3765625
2 0.44296875 0.5359375 0.0671875 0.028125
2 0.1875 0.83046875 0.375 0.3390625
2 0.10703125 0.05625 0.2109375 0.1125
1 0.24453125 0.025 0.1140625 0.05
2 0.76875 0.56796875 0.025 0.0203125