2 0.48671875 0.8734375 0.1828125 0.221875
2 0.24765625 0.78125 0.4859375 0.41875
2 0.79375 0.21171875 0.40625 0.4078125
2 0.15859375 0.14375 0.3171875 0.28125
1 0.48671875 0.59296875 0.0734375 0.1609375
1 0.2375 0.06328125 0.05 0.1203125
1 0.35625 0.26015625 0.05625 0.0421875
2 0.49765625 0.2625 0.0484375 0.0375
1 0.25625 0.3140625 0.03125 0.021875
1 0.08828125 0.7421875 0.0234375 0.015625
1 0.9546875 0.28515625 0.04375 0.0703125
1 0.025 0.27265625 0.05 0.0703125
2 0.48515625 0.80546875 0.0328125 0.0328125
2 0.9328125 0.61875 0.128125 0.125
1 0.06640625 0.57421875 0.0265625 0.0203125
1 0.2265625 0.3625 0.028125 0.025
2 0.85 0.8046875 0.29375 0.359375
1 0.4078125 0.08125 0.025 0.01875
1 0.30625 0.74453125 0.1 0.0640625
1 0.26796875 0.59921875 0.0390625 0.0203125