1 0.20703125 0.4875 0.3796875 0.225
1 0.6921875 0.48203125 0.603125 0.2546875
1 0.51796875 0.69140625 0.9265625 0.2859375
2 0.48203125 0.58828125 0.1515625 0.0515625
2 0.58671875 0.38671875 0.2640625 0.0546875
2 0.89140625 0.68046875 0.1515625 0.0953125
2 0.79375 0.2078125 0.4125 0.415625
2 0.1421875 0.60078125 0.121875 0.0578125
2 0.3375 0.40546875 0.15625 0.0515625
1 0.025 0.33125 0.05 0.0875
2 0.34765625 0.1859375 0.5265625 0.359375
2 0.040625 0.63671875 0.053125 0.0671875
2 0.94375 0.8046875 0.03125 0.04375
1 0.03828125 0.496875 0.0734375 0.9625
1 0.80703125 0.44296875 0.1828125 0.0734375
1 0.625 0.64375 0.1625 0.09375
1 0.8328125 0.96328125 0.028125 0.0296875
1 0.01875 0.87421875 0.01875 0.0515625
1 0.38515625 0.97578125 0.0234375 0.0359375
1 0.95546875 0.18515625 0.0328125 0.0203125
2 0.7015625 0.68046875 0.08125 0.0515625
1 0.73125 0.8953125 0.025 0.034375