2 0.50078125 0.51796875 0.9765625 0.3515625
1 0.2671875 0.675 0.3375 0.10625
2 0.23515625 0.34296875 0.2171875 0.1546875
2 0.77578125 0.62890625 0.3796875 0.0796875
2 0.09375 0.5625 0.16875 0.19375
1 0.67890625 0.25078125 0.1234375 0.4328125
2 0.28515625 0.4 0.0859375 0.0375
2 0.753125 0.815625 0.49375 0.36875
2 0.7734375 0.509375 0.128125 0.140625
2 0.4 0.71796875 0.075 0.0359375
1 0.39375 0.88125 0.05625 0.20625
2 0.575 0.5546875 0.21875 0.15625
2 0.8859375 0.6453125 0.028125 0.01875
2 0.6953125 0.31640625 0.021875 0.0265625
2 0.54921875 0.42890625 0.0765625 0.0703125
1 0.3046875 0.69140625 0.059375 0.0359375
2 0.16875 0.3125 0.03125 0.03125
2 0.95625 0.6375 0.075 0.0625
1 0.525 0.725 0.01875 0.0375
1 0.96875 0.2640625 0.05 0.075