1 0.55 0.24453125 0.1 0.2453125
2 0.38671875 0.04453125 0.1234375 0.0890625
1 0.5 0.3734375 0.08125 0.184375
2 0.52421875 0.12578125 0.1296875 0.0421875
2 0.81875 0.25 0.25 0.025
2 0.3609375 0.9125 0.159375 0.1625
2 0.16328125 0.3296875 0.2859375 0.065625
1 0.31328125 0.13125 0.0515625 0.025
2 0.80703125 0.13671875 0.3765625 0.2515625
2 0.41015625 0.87265625 0.0390625 0.0203125
1 0.4125 0.20625 0.025 0.025
2 0.1828125 0.8109375 0.3625 0.36875
2 0.49140625 0.51171875 0.0453125 0.1484375
2 0.81015625 0.3375 0.3484375 0.2375
2 0.1375 0.6390625 0.225 0.065625
2 0.7796875 0.690625 0.4375 0.61875
1 0.56953125 0.859375 0.0546875 0.034375
1 0.9375 0.68828125 0.05625 0.0390625
1 0.43125 0.81171875 0.03125 0.0421875
1 0.30546875 0.37578125 0.0484375 0.0203125
2 0.30078125 0.97265625 0.0421875 0.0546875
1 0.06015625 0.15625 0.0328125 0.01875
2 0.44765625 0.04375 0.0203125 0.01875
1 0.596875 0.37421875 0.015625 0.0078125