2 0.59375 0.43671875 0.15625 0.2109375
1 0.49140625 0.69296875 0.9734375 0.0984375
2 0.41875 0.28125 0.2 0.19375
2 0.36796875 0.0984375 0.1953125 0.190625
2 0.15703125 0.27890625 0.2796875 0.1640625
2 0.51796875 0.3234375 0.0546875 0.103125
1 0.0734375 0.29453125 0.05625 0.0296875
1 0.2359375 0.3265625 0.103125 0.040625
1 0.9578125 0.721875 0.03125 0.021875
1 0.81640625 0.95234375 0.3609375 0.0953125
1 0.6984375 0.53515625 0.0375 0.0234375
1 0.09140625 0.35078125 0.0390625 0.0203125
1 0.58125 0.3359375 0.05 0.021875
2 0.721875 0.25625 0.171875 0.0875