1 0.4796875 0.49296875 0.959375 0.1640625
1 0.6125 0.5109375 0.16875 0.0875
2 0.3203125 0.22578125 0.640625 0.4484375
2 0.25546875 0.45078125 0.2515625 0.0546875
2 0.8515625 0.2609375 0.296875 0.503125
2 0.8375 0.734375 0.325 0.503125
2 0.575 0.43828125 0.13125 0.0359375
1 0.11171875 0.55 0.0390625 0.03125
1 0.96328125 0.54375 0.0515625 0.0625
2 0.36328125 0.80625 0.4734375 0.3875
1 0.8921875 0.7875 0.028125 0.03125
1 0.23671875 0.84140625 0.0515625 0.0328125
1 0.4109375 0.5703125 0.19375 0.1
1 0.215625 0.6 0.028125 0.025
1 0.0703125 0.08046875 0.078125 0.0703125
1 0.9046875 0.95546875 0.01875 0.0203125
1 0.9515625 0.8625 0.0375 0.0375
1 0.35546875 0.33046875 0.0296875 0.0328125
1 0.9859375 0.7640625 0.025 0.04375