1 0.41328125 0.49765625 0.0734375 0.9671875
1 0.71171875 0.23828125 0.2765625 0.4015625
1 0.465625 0.54375 0.103125 0.15625
1 0.4296875 0.11171875 0.028125 0.2234375
2 0.2 0.76171875 0.4 0.4765625
1 0.39921875 0.8875 0.0359375 0.2
2 0.4515625 0.465625 0.075 0.0375
2 0.41328125 0.4375 0.0234375 0.10625
2 0.496875 0.49375 0.028125 0.04375
1 0.13828125 0.57890625 0.0296875 0.0734375
2 0.4171875 0.63125 0.034375 0.05
1 0.89140625 0.94140625 0.1234375 0.1171875
1 0.63671875 0.36875 0.0796875 0.08125
1 0.97265625 0.79765625 0.0546875 0.1265625
2 0.39765625 0.7296875 0.0171875 0.059375
1 0.9578125 0.5203125 0.084375 0.940625
1 0.45703125 0.20078125 0.0421875 0.0484375
2 0.00625 0.65703125 0.0125 0.0265625