1 0.940625 0.95078125 0.11875 0.0921875
2 0.85 0.815625 0.225 0.08125
2 0.5921875 0.93046875 0.309375 0.1140625
2 0.22421875 0.8703125 0.4390625 0.103125
1 0.440625 0.50625 0.01875 0.95625
1 0.53203125 0.96328125 0.0328125 0.0265625
1 0.8421875 0.79921875 0.034375 0.0203125
0 0.56875 0.175 0.10625 0.1
0 0.05078125 0.83828125 0.0984375 0.0390625
2 0.5875 0.94296875 0.0625 0.0515625
1 0.4734375 0.92265625 0.0625 0.0328125
1 0.08125 0.9625 0.10625 0.075
0 0.4734375 0.2625 0.0625 0.525
2 0.19453125 0.87421875 0.1015625 0.0421875
1 0.24921875 0.97265625 0.0359375 0.0515625
0 0.20703125 0.2296875 0.0953125 0.04375
0 0.2125 0.51875 0.10625 0.93125
1 0.99453125 0.9546875 0.0109375 0.065625
1 0.72578125 0.56796875 0.0328125 0.0515625
1 0.16015625 0.96875 0.0328125 0.05625
2 0.3671875 0.21328125 0.19375 0.0578125
0 0.96328125 0.18203125 0.0515625 0.0265625
0 0.04140625 0.70078125 0.0734375 0.5984375
2 0.80703125 0.525 0.0578125 0.90625
2 0.65703125 0.91875 0.0671875 0.0375
0 0.6484375 0.2125 0.125 0.0375
0 0.92421875 0.54375 0.1515625 0.0625
2 0.26171875 0.1109375 0.0203125 0.221875
2 0.01171875 0.27109375 0.0203125 0.5421875
2 0.90703125 0.1640625 0.1046875 0.046875
1 0.44765625 0.1078125 0.0140625 0.215625
0 0.1546875 0.2296875 0.04375 0.021875
2 0.38046875 0.94375 0.1140625 0.1125
2 0.884375 0.81875 0.05 0.025