0 0.92421875 0.46015625 0.1390625 0.1046875
0 0.5765625 0.4109375 0.178125 0.059375
0 0.2796875 0.42578125 0.15625 0.1015625
0 0.4125 0.41953125 0.1375 0.0703125
0 0.05703125 0.44921875 0.1109375 0.0328125
1 0.6984375 0.525 0.021875 0.8875
1 0.1 0.51171875 0.025 0.9203125
0 0.16328125 0.4078125 0.1109375 0.0875
0 0.85078125 0.41953125 0.0734375 0.0515625
0 0.7484375 0.4171875 0.109375 0.053125
0 0.46640625 0.53515625 0.0859375 0.9046875
0 0.475 0.39921875 0.04375 0.0421875
0 0.67578125 0.43125 0.0703125 0.03125
2 0.44375 0.690625 0.0125 0.059375
1 0.57421875 0.78125 0.0328125 0.025
1 0.7296875 0.87890625 0.0625 0.2265625
1 0.22578125 0.42421875 0.0265625 0.0203125
0 0.31953125 0.4640625 0.0453125 0.028125
2 0.4984375 0.13515625 0.978125 0.1140625