1 0.89375 0.96953125 0.19375 0.0515625
1 0.075 0.9875 0.125 0.025
1 0.84375 0.98828125 0.04375 0.0203125
1 0.51171875 0.49375 0.0203125 0.95
0 0.75625 0.66328125 0.4875 0.0359375
0 0.0296875 0.30078125 0.059375 0.0265625
1 0.96328125 0.97265625 0.0234375 0.0171875
1 0.41171875 0.98671875 0.1078125 0.0203125
0 0.36328125 0.36953125 0.0765625 0.0453125
1 0.0796875 0.5125 0.04375 0.94375
2 0.94921875 0.30625 0.0828125 0.04375
0 0.8625 0.31328125 0.06875 0.0484375
1 0.325 0.50625 0.04375 0.95
2 0.28046875 0.63828125 0.3234375 0.0203125
1 0.18125 0.05078125 0.03125 0.1015625
0 0.42265625 0.35703125 0.0640625 0.0328125
1 0.79375 0.70546875 0.0625 0.0734375
1 0.5 0.98671875 0.95625 0.0265625
1 0.89453125 0.55546875 0.0859375 0.7453125
0 0.7390625 0.37265625 0.0625 0.0328125
1 0.4171875 0.0140625 0.13125 0.028125
2 0.26875 0.06328125 0.4875 0.1265625