1 0.540625 0.95703125 0.196875 0.0765625
1 0.05078125 0.98203125 0.0984375 0.0328125
1 0.81171875 0.9875 0.0734375 0.025
1 0.50625 0.98125 0.025 0.01875
1 0.15546875 0.49453125 0.0234375 0.9421875
1 0.54921875 0.9375 0.0421875 0.025
0 0.91953125 0.30625 0.1453125 0.0625
0 0.096875 0.340625 0.178125 0.05625
1 0.76640625 0.49296875 0.0203125 0.9421875
1 0.5875 0.95703125 0.0375 0.0234375
0 0.63828125 0.29921875 0.1671875 0.0640625
0 0.51328125 0.55703125 0.0484375 0.8859375
0 0.775 0.49375 0.20625 0.94375
1 0.43125 0.671875 0.06875 0.053125
0 0.30546875 0.31875 0.0703125 0.0875
0 0.01640625 0.35625 0.0328125 0.03125
0 0.79375 0.83203125 0.05 0.3359375
0 0.225 0.29375 0.08125 0.06875