2 0.2783203125 0.4638671875 0.076171875 0.033203125
2 0.5439453125 0.3525390625 0.236328125 0.080078125
2 0.443359375 0.388671875 0.07421875 0.04296875
2 0.6533203125 0.33203125 0.080078125 0.0390625
2 0.3720703125 0.5927734375 0.060546875 0.037109375
2 0.236328125 0.4306640625 0.46484375 0.193359375
2 0.4013671875 0.6943359375 0.025390625 0.111328125
2 0.166015625 0.0478515625 0.0625 0.083984375
2 0.3291015625 0.455078125 0.041015625 0.04296875
2 0.98046875 0.3359375 0.0390625 0.09765625
2 0.404296875 0.4404296875 0.02734375 0.083984375
2 0.2275390625 0.525390625 0.044921875 0.03125
2 0.458984375 0.32421875 0.03125 0.04296875
2 0.4091796875 0.7041015625 0.068359375 0.576171875
2 0.9775390625 0.7021484375 0.013671875 0.025390625
2 0.0751953125 0.431640625 0.013671875 0.04296875
2 0.6748046875 0.2744140625 0.025390625 0.056640625