1 0.51796875 0.94140625 0.2234375 0.1109375
2 0.8125 0.97421875 0.15625 0.0484375
2 0.08125 0.96328125 0.1625 0.0703125
1 0.13046875 0.9921875 0.0484375 0.015625
1 0.5125 0.94375 0.0375 0.025
1 0.86796875 0.99375 0.0265625 0.0125
1 0.16171875 0.49453125 0.0234375 0.9515625
1 0.55078125 0.9 0.0421875 0.025
0 0.09921875 0.3046875 0.1703125 0.059375
1 0.76796875 0.49765625 0.0203125 0.9421875
0 0.19765625 0.59296875 0.3703125 0.0390625
2 0.628125 0.2625 0.175 0.06875
0 0.51171875 0.5109375 0.0671875 0.978125
0 0.81796875 0.50390625 0.2140625 0.9484375
2 0.64921875 0.6375 0.0484375 0.03125
0 0.31640625 0.28203125 0.0890625 0.0953125
0 0.2296875 0.2609375 0.1125 0.0875
0 0.01875 0.3234375 0.0375 0.03125
2 0.95546875 0.27578125 0.0578125 0.0328125