2 0.8609375 0.96640625 0.2375 0.0671875
2 0.1203125 0.96015625 0.240625 0.0796875
1 0.4640625 0.975 0.128125 0.05
1 0.61171875 0.9359375 0.2296875 0.128125
1 0.76953125 0.99453125 0.0421875 0.0109375
1 0.59296875 0.925 0.0296875 0.01875
1 0.63125 0.88515625 0.04375 0.0265625
1 0.2375 0.49375 0.01875 0.95625
1 0.43203125 0.99453125 0.0328125 0.0109375
0 0.69765625 0.24921875 0.1234375 0.0515625
1 0.54375 0.92890625 0.025 0.0203125
1 0.846875 0.49375 0.021875 0.95625
0 0.44375 0.28125 0.18125 0.075
1 0.94921875 0.9796875 0.0359375 0.034375
0 0.5609375 0.26015625 0.134375 0.0765625
0 0.909375 0.25078125 0.15 0.0546875
0 0.0203125 0.31796875 0.040625 0.0390625
0 0.31171875 0.2515625 0.1078125 0.09375
0 0.0890625 0.3109375 0.053125 0.034375
0 0.77421875 0.2625 0.0703125 0.0375
2 0.05703125 0.29765625 0.0390625 0.5953125
2 0.60703125 0.7796875 0.0359375 0.378125