0 0.8388671875 0.3525390625 0.279296875 0.126953125
0 0.1083984375 0.9599609375 0.216796875 0.072265625
0 0.6337890625 0.2978515625 0.205078125 0.064453125
0 0.3935546875 0.3369140625 0.150390625 0.111328125
1 0.5361328125 0.48828125 0.025390625 0.95703125
0 0.966796875 0.392578125 0.05859375 0.04296875
1 0.5400390625 0.9873046875 0.044921875 0.025390625
0 0.875 0.3955078125 0.08984375 0.025390625
0 0.33203125 0.5185546875 0.046875 0.943359375
0 0.208984375 0.5078125 0.13671875 0.9375
1 0.076171875 0.9921875 0.04296875 0.015625
1 0.5009765625 0.787109375 0.060546875 0.26953125
0 0.6416015625 0.5068359375 0.208984375 0.970703125
1 0.306640625 0.81640625 0.02734375 0.3671875
1 0.1796875 0.3603515625 0.0234375 0.013671875
0 0.021484375 0.939453125 0.04296875 0.03125
1 0.5380859375 0.2744140625 0.033203125 0.025390625
2 0.9228515625 0.40234375 0.033203125 0.01953125
1 0.0771484375 0.75390625 0.076171875 0.27734375
1 0.57421875 0.9716796875 0.04296875 0.044921875
1 0.8466796875 0.05078125 0.029296875 0.1015625
2 0.828125 0.392578125 0.03125 0.01953125
2 0.5126953125 0.666015625 0.041015625 0.046875
1 0.5595703125 0.138671875 0.029296875 0.10546875
0 0.95703125 0.3291015625 0.078125 0.658203125
0 0.173828125 0.97265625 0.04296875 0.02734375
1 0.5791015625 0.01171875 0.037109375 0.0234375
0 0.0556640625 0.9716796875 0.037109375 0.029296875