2 0.47890625 0.38046875 0.1609375 0.0765625
2 0.3 0.4671875 0.1125 0.046875
2 0.65390625 0.3328125 0.1109375 0.04375
2 0.37421875 0.596875 0.0578125 0.034375
2 0.22890625 0.42578125 0.4421875 0.1984375
2 0.17265625 0.04921875 0.0515625 0.0796875
2 0.40546875 0.6671875 0.0453125 0.2875
2 0.03671875 0.45546875 0.0734375 0.0921875
2 0.40546875 0.44140625 0.0265625 0.0828125
2 0.4609375 0.32578125 0.03125 0.0390625
1 0.86796875 0.60703125 0.0859375 0.6796875
2 0.678125 0.27578125 0.025 0.0640625
2 0.98515625 0.30546875 0.0140625 0.0109375
2 0.67890625 0.4515625 0.0515625 0.409375
2 0.9796875 0.70078125 0.0125 0.0234375