0 0.8875 0.3671875 0.21875 0.11875
0 0.4609375 0.353125 0.2625 0.115625
0 0.7484375 0.325 0.165625 0.05625
1 0.0796875 0.97578125 0.06875 0.0390625
1 0.6171875 0.49921875 0.025 0.9609375
0 0.94921875 0.4125 0.0859375 0.03125
1 0.509375 0.66875 0.975 0.0625
1 0.02890625 0.95390625 0.0578125 0.0640625
1 0.0484375 0.48203125 0.028125 0.9484375
0 0.53125 0.39140625 0.075 0.0328125
2 0.2359375 0.38125 0.0625 0.03125
0 0.26796875 0.5 0.1921875 0.95625
2 0.20625 0.63828125 0.13125 0.0203125
1 0.81953125 0.3640625 0.0359375 0.728125
2 0.62578125 0.3 0.0484375 0.03125
0 0.43125 0.91484375 0.8 0.1703125
0 0.40078125 0.51875 0.0453125 0.9625
1 0.5796875 0.82265625 0.06875 0.2953125
1 0.9328125 0.0578125 0.028125 0.115625
1 0.80703125 0.11171875 0.3546875 0.2234375
1 0.15 0.78046875 0.05 0.2578125
1 0.64296875 0.15 0.0296875 0.09375
1 0.32578125 0.2921875 0.0296875 0.06875
1 0.24453125 0.9875 0.0359375 0.01875
1 0.67265625 0.98125 0.0359375 0.0375
0 0.2546875 0.74375 0.025 0.5125
1 0.3875 0.07890625 0.01875 0.0765625