0 0.89375 0.22578125 0.19375 0.0453125
2 0.8359375 0.96171875 0.315625 0.0703125
0 0.29375 0.921875 0.13125 0.090625
1 0.21796875 0.49453125 0.0234375 0.9515625
2 0.109375 0.8859375 0.20625 0.096875
0 0.7109375 0.2875 0.134375 0.0875
1 0.5 0.58125 0.98125 0.05625
1 0.79453125 0.496875 0.0234375 0.95
0 0.1125 0.10625 0.2 0.05
2 0.43671875 0.95078125 0.2234375 0.0796875
0 0.55546875 0.25390625 0.0984375 0.0515625
2 0.13203125 0.96328125 0.1609375 0.0640625
0 0.5734375 0.51953125 0.046875 0.9484375
0 0.56875 0.26171875 0.8125 0.1640625
0 0.29453125 0.49921875 0.1484375 0.9515625
2 0.8 0.21640625 0.04375 0.0359375
0 0.95 0.25 0.05 0.03125
1 0.52578125 0.98203125 0.0671875 0.0296875
2 0.02421875 0.9046875 0.0484375 0.04375
2 0.35703125 0.9734375 0.0421875 0.03125
2 0.7578125 0.96640625 0.040625 0.0265625
1 0.75390625 0.73671875 0.0640625 0.2734375
2 0.1140625 0.31640625 0.228125 0.4890625
1 0.625 0.9828125 0.1375 0.034375
2 0.296875 0.9296875 0.021875 0.028125
2 0.21875 0.72578125 0.0125 0.1328125
2 0.07421875 0.1171875 0.0296875 0.025
2 0.325 0.603125 0.06875 0.078125
2 0.85625 0.9796875 0.05 0.034375
2 0.23125 0.89375 0.025 0.025
1 0.43125 0.75859375 0.025 0.4828125
2 0.08125 0.85703125 0.05 0.0359375
2 0.9796875 0.97578125 0.040625 0.0265625
1 0.20546875 0.98125 0.0234375 0.0375
1 0.475 0.5265625 0.1875 0.128125
1 0.05546875 0.875 0.0296875 0.03125