0 0.89453125 0.1953125 0.1828125 0.121875
0 0.71328125 0.1984375 0.2140625 0.10625
0 0.41015625 0.87265625 0.1390625 0.0921875
1 0.49921875 0.525 0.9828125 0.05
0 0.546875 0.9015625 0.203125 0.08125
1 0.33671875 0.49453125 0.0296875 0.9515625
1 0.25546875 0.0484375 0.1328125 0.046875
1 0.2515625 0.91796875 0.1625 0.0609375
0 0.93125 0.91328125 0.125 0.0828125
1 0.925 0.47578125 0.01875 0.9421875
0 0.63203125 0.93125 0.0890625 0.0375
1 0.759375 0.96171875 0.128125 0.0609375
1 0.83046875 0.25078125 0.0515625 0.0328125
0 0.7140625 0.50703125 0.065625 0.9671875
0 0.028125 0.79921875 0.05625 0.0359375
1 0.4 0.53203125 0.1125 0.0484375
1 0.88046875 0.68125 0.0703125 0.26875
2 0.48515625 0.91953125 0.0515625 0.0328125
1 0.16640625 0.03125 0.0828125 0.0625
1 0.11875 0.47890625 0.04375 0.9296875
1 0.34296875 0.95078125 0.0421875 0.0796875
2 0.10625 0.86875 0.04375 0.03125
1 0.5875 0.45625 0.1 0.09375
0 0.9359375 0.15625 0.040625 0.0375
1 0.75703125 0.98046875 0.0265625 0.0203125
2 0.18828125 0.06015625 0.0234375 0.0234375
2 0.13828125 0.86171875 0.0390625 0.0296875
2 0.56015625 0.56015625 0.0359375 0.8796875
1 0.94375 0.025 0.025 0.05
1 0.17421875 0.82890625 0.0328125 0.0390625