1 0.50625 0.33671875 0.1875 0.6390625
2 0.49140625 0.49921875 0.0328125 0.2546875
2 0.4125 0.65625 0.1 0.025
2 0.50546875 0.2375 0.0265625 0.08125
2 0.54296875 0.6171875 0.1296875 0.03125
2 0.49375 0.425 0.01875 0.0375
2 0.37578125 0.61328125 0.1109375 0.0484375
2 0.49921875 0.14296875 0.0453125 0.0765625
1 0.084375 0.26953125 0.059375 0.0546875
1 0.49296875 0.0171875 0.9796875 0.034375
2 0.45703125 0.83046875 0.0640625 0.0203125
2 0.56796875 0.30390625 0.0609375 0.0296875
2 0.48671875 0.78671875 0.0484375 0.2671875
2 0.78359375 0.3875 0.4328125 0.6625
2 0.60625 0.56171875 0.025 0.1390625
2 0.321875 0.7359375 0.096875 0.021875
2 0.22421875 0.4125 0.4484375 0.7125