2 0.83046875 0.93125 0.3265625 0.13125
2 0.20625 0.81953125 0.39375 0.0921875
1 0.50703125 0.48125 0.9765625 0.0375
0 0.51171875 0.80390625 0.1765625 0.0640625
0 0.6453125 0.89453125 0.121875 0.2046875
1 0.39375 0.53046875 0.025 0.9234375
1 0.82421875 0.50078125 0.0203125 0.9515625
1 0.8609375 0.91640625 0.071875 0.0359375
0 0.8875 0.46875 0.225 0.01875
0 0.79921875 0.93203125 0.0640625 0.0296875
2 0.6375 0.225 0.025 0.45
0 0.71015625 0.49453125 0.2296875 0.9484375
2 0.06953125 0.51328125 0.1296875 0.0453125
2 0.03671875 0.82578125 0.0671875 0.0421875
1 0.5375 0.49921875 0.13125 0.9546875
2 0.69921875 0.975 0.0484375 0.04375
1 0.91875 0.9125 0.025 0.01875
1 0.04765625 0.2546875 0.0859375 0.509375
1 0.94921875 0.51171875 0.1015625 0.0796875
2 0.15078125 0.84765625 0.0484375 0.0515625
0 0.96796875 0.93671875 0.0515625 0.0265625
1 0.62890625 0.67578125 0.0359375 0.0765625
1 0.11875 0.975 0.04375 0.05
2 0.909375 0.2359375 0.18125 0.471875
1 0.1875 0.5125 0.025 0.0375