1 0.44296875 0.51171875 0.0265625 0.9515625
2 0.95078125 0.721875 0.0890625 0.059375
2 0.36875 0.78046875 0.13125 0.0578125
1 0.8609375 0.52265625 0.034375 0.9359375
0 0.5375 0.7625 0.1875 0.0625
1 0.48125 0.19453125 0.06875 0.3890625
0 0.88515625 0.71171875 0.0578125 0.0515625
1 0.0984375 0.94375 0.0375 0.10625
0 0.57890625 0.50078125 0.2609375 0.9578125
0 0.18671875 0.78203125 0.0671875 0.0515625
1 0.7625 0.98203125 0.01875 0.0328125
2 0.21796875 0.93125 0.3234375 0.125
0 0.7015625 0.759375 0.0875 0.034375
1 0.55546875 0.93046875 0.1015625 0.1359375
2 0.81171875 0.3875 0.0265625 0.01875
2 0.0734375 0.68515625 0.046875 0.6296875
1 0.19375 0.9796875 0.0375 0.040625
2 0.8609375 0.64921875 0.015625 0.0890625
0 0.315625 0.4890625 0.246875 0.965625