2 0.9046875 0.95703125 0.190625 0.0796875
0 0.1015625 0.91015625 0.190625 0.0703125
2 0.6734375 0.96953125 0.18125 0.0578125
1 0.503125 0.57890625 0.978125 0.0609375
1 0.409375 0.49140625 0.01875 0.9515625
1 0.48515625 0.9859375 0.0359375 0.025
1 0.64296875 0.51875 0.0296875 0.94375
1 0.41875 0.3515625 0.35625 0.703125
1 0.9 0.10625 0.1125 0.09375
1 0.665625 0.7421875 0.028125 0.515625
2 0.9609375 0.54921875 0.059375 0.0140625
2 0.22578125 0.29375 0.0296875 0.5875
1 0.02421875 0.28046875 0.0484375 0.5609375
2 0.8703125 0.275 0.259375 0.55
2 0.31640625 0.58125 0.0515625 0.025
1 0.234375 0.9625 0.0375 0.0625
1 0.59453125 0.95390625 0.0265625 0.0234375
2 0.01484375 0.8875 0.0296875 0.03125
2 0.41171875 0.45078125 0.0203125 0.0734375
1 0.76953125 0.9796875 0.0171875 0.040625
1 0.6171875 0.71015625 0.2875 0.5796875
1 0.73828125 0.99609375 0.0203125 0.0078125
1 0.58203125 0.97578125 0.0203125 0.0421875
2 0.30625 0.79609375 0.03125 0.4078125
1 0.23203125 0.60703125 0.2140625 0.0484375
2 0.43125 0.9953125 0.0375 0.009375
0 0.125 0.92421875 0.04375 0.0296875
2 0.2203125 0.7921875 0.040625 0.103125
2 0.04765625 0.93125 0.0234375 0.025
1 0.5734375 0.31015625 0.078125 0.0453125