2 0.875 0.90703125 0.24375 0.1296875
2 0.16796875 0.8015625 0.2109375 0.065625
2 0.7234375 0.86875 0.109375 0.25
0 0.60625 0.77578125 0.225 0.0859375
1 0.0765625 0.49921875 0.028125 0.9546875
1 0.91171875 0.51171875 0.0203125 0.9421875
2 0.0421875 0.8109375 0.075 0.034375
0 0.35390625 0.78125 0.2296875 0.08125
1 0.74375 0.97265625 0.04375 0.0515625
1 0.49921875 0.4484375 0.9765625 0.0375
0 0.478125 0.5109375 0.046875 0.953125
2 0.7484375 0.8875 0.028125 0.04375
2 0.88125 0.89453125 0.075 0.0328125
0 0.5 0.75546875 0.0625 0.0484375
1 0.81640625 0.24609375 0.3671875 0.4921875
1 0.18671875 0.9609375 0.0703125 0.078125
2 0.98125 0.86875 0.0375 0.04375
2 0.47421875 0.6765625 0.0171875 0.140625
1 0.1578125 0.2359375 0.315625 0.471875
2 0.81171875 0.43203125 0.0234375 0.0140625
1 0.7109375 0.65390625 0.03125 0.0859375
1 0.72578125 0.815625 0.0265625 0.065625
1 0.26875 0.47421875 0.025 0.0328125
2 0.925 0.875 0.025 0.025
0 0.2703125 0.80546875 0.053125 0.0328125