0 0.7546875 0.87421875 0.15625 0.1109375
1 0.58515625 0.92421875 0.1671875 0.0640625
1 0.5515625 0.0171875 0.146875 0.034375
0 0.4625 0.84140625 0.1125 0.0828125
2 0.090625 0.8703125 0.171875 0.0625
1 0.66953125 0.5 0.0265625 0.95625
1 0.09375 0.50390625 0.03125 0.9328125
0 0.88828125 0.90390625 0.1984375 0.0796875
2 0.55390625 0.49921875 0.3015625 0.0234375
2 0.3015625 0.79453125 0.15625 0.0578125
0 0.571875 0.81875 0.159375 0.05625
1 0.05703125 0.98203125 0.0265625 0.0328125
1 0.66171875 0.9578125 0.0359375 0.075
2 0.8984375 0.49765625 0.203125 0.0234375
0 0.171875 0.4875 0.328125 0.025
0 0.2828125 0.4984375 0.084375 0.975
0 0.44921875 0.4890625 0.0765625 0.978125
1 0.7609375 0.9671875 0.0375 0.053125
2 0.50625 0.03125 0.03125 0.025
0 0.90625 0.52265625 0.04375 0.9453125
2 0.66953125 0.66171875 0.0109375 0.0890625
1 0.18515625 0.9625 0.2796875 0.075
0 0.696875 0.846875 0.05 0.03125
1 0.75546875 0.88515625 0.0265625 0.0265625