0 0.9484375 0.875 0.096875 0.0625
2 0.2484375 0.9484375 0.2375 0.1
2 0.475 0.94921875 0.26875 0.0640625
0 0.85 0.87578125 0.15625 0.0890625
1 0.50546875 0.53125 0.9796875 0.0875
2 0.675 0.94921875 0.16875 0.0484375
1 0.29453125 0.49765625 0.0234375 0.9484375
1 0.72578125 0.48828125 0.0390625 0.9296875
0 0.29296875 0.49921875 0.2859375 0.9640625
1 0.15 0.9953125 0.025 0.009375
0 0.48125 0.496875 0.14375 0.959375
2 0.0828125 0.196875 0.165625 0.040625
1 0.43046875 0.56796875 0.0328125 0.0421875
2 0.96015625 0.51171875 0.0796875 0.0328125
1 0.7765625 0.91796875 0.05625 0.0296875
1 0.2125 0.1984375 0.025 0.396875
1 0.09375 0.984375 0.14375 0.03125
1 0.7796875 0.53046875 0.05625 0.0328125
1 0.26171875 0.56875 0.2421875 0.05
1 0.38046875 0.97421875 0.0359375 0.0296875
1 0.62578125 0.9671875 0.0359375 0.021875
1 0.9796875 0.21015625 0.040625 0.0421875
0 0.57890625 0.95703125 0.0515625 0.0328125
0 0.93125 0.6875 0.09375 0.55
1 0.08125 0.58671875 0.15 0.0609375