2 0.0921875 0.74921875 0.175 0.0640625
1 0.1546875 0.50078125 0.03125 0.9546875
1 0.55 0.50078125 0.03125 0.9453125
0 0.5125 0.7765625 0.11875 0.028125
0 0.95 0.784375 0.08125 0.034375
2 0.62578125 0.75390625 0.0734375 0.0484375
0 0.85 0.78671875 0.0625 0.0359375
2 0.15625 0.71953125 0.04375 0.0203125
1 0.834375 0.28046875 0.0375 0.5609375
1 0.29453125 0.51171875 0.0640625 0.0515625
1 0.60390625 0.509375 0.0640625 0.025
1 0.89375 0.271875 0.08125 0.54375
2 0.55390625 0.3265625 0.0171875 0.146875
2 0.6875 0.71328125 0.0375 0.0296875
0 0.42421875 0.77421875 0.0421875 0.0203125
0 0.89765625 0.8 0.0546875 0.03125
2 0.30625 0.759375 0.05625 0.01875
1 0.36171875 0.2375 0.0671875 0.475
1 0.1734375 0.98046875 0.015625 0.0390625
2 0.153125 0.95859375 0.015625 0.0828125