0 0.81953125 0.88203125 0.3609375 0.1609375
2 0.325 0.94375 0.25625 0.1125
1 0.415625 0.26953125 0.05 0.5390625
1 0.50625 0.5296875 0.975 0.103125
1 0.23671875 0.99296875 0.1046875 0.0140625
0 0.7796875 0.94375 0.128125 0.04375
0 0.55703125 0.93671875 0.1890625 0.0671875
1 0.07265625 0.49765625 0.0328125 0.9421875
0 0.69453125 0.93828125 0.0671875 0.0390625
0 0.84140625 0.4875 0.0390625 0.9125
0 0.96640625 0.84453125 0.0546875 0.0609375
2 0.09765625 0.56171875 0.1828125 0.0328125
1 0.659375 0.2546875 0.103125 0.509375
1 0.41640625 0.790625 0.0203125 0.41875
1 0.76953125 0.6859375 0.0484375 0.396875
2 0.10078125 0.56328125 0.0140625 0.0203125
1 0.89921875 0.51796875 0.0578125 0.0328125
0 0.89296875 0.9015625 0.0515625 0.028125
0 0.2734375 0.496875 0.30625 0.971875
1 0.04765625 0.98671875 0.0265625 0.0234375
2 0.846875 0.80625 0.015625 0.14375
2 0.54921875 0.55625 0.0296875 0.04375
2 0.76015625 0.50546875 0.0203125 0.0234375
2 0.10390625 0.775 0.0296875 0.45
1 0.2125 0.57890625 0.1375 0.0515625
2 0.99453125 0.48828125 0.0109375 0.0203125
1 0.85546875 0.91875 0.0296875 0.025
1 0.48828125 0.25 0.1234375 0.5
1 0.56953125 0.61953125 0.0390625 0.1171875
2 0.6234375 0.075 0.040625 0.15