1 0.6578125 0.478125 0.684375 0.03125
1 0.34453125 0.503125 0.0265625 0.94375
0 0.92578125 0.83515625 0.1359375 0.0640625
0 0.6 0.85625 0.15625 0.04375
2 0.06796875 0.846875 0.1359375 0.078125
1 0.78125 0.5171875 0.03125 0.934375
0 0.70625 0.84375 0.11875 0.05625
0 0.81171875 0.82421875 0.0765625 0.0640625
2 0.2609375 0.859375 0.128125 0.05625
1 0.39375 0.2421875 0.09375 0.484375
0 0.40546875 0.83828125 0.1171875 0.0484375
2 0.05546875 0.24375 0.0265625 0.4875
0 0.1796875 0.84453125 0.084375 0.0546875
2 0.828125 0.23671875 0.34375 0.4703125
2 0.72890625 0.4734375 0.0265625 0.015625
1 0.8984375 0.6 0.0625 0.05625