2 0.91328125 0.85078125 0.1640625 0.0671875
0 0.6515625 0.73203125 0.18125 0.0484375
0 0.4 0.74140625 0.24375 0.0453125
1 0.11171875 0.50703125 0.0359375 0.9546875
2 0.05546875 0.74765625 0.1015625 0.0328125
2 0.20546875 0.74375 0.1953125 0.05
1 0.53046875 0.7390625 0.0671875 0.521875
2 0.8359375 0.87265625 0.0625 0.0453125
1 0.8046875 0.8046875 0.121875 0.15
1 0.05390625 0.98125 0.0671875 0.0375
1 0.97890625 0.83671875 0.0421875 0.0203125
1 0.546875 0.278125 0.04375 0.509375
2 0.5046875 0.53125 0.971875 0.06875
2 0.48125 0.49921875 0.075 0.0140625
1 0.7875 0.65078125 0.025 0.0453125
1 0.15390625 0.24765625 0.0765625 0.4890625
2 0.5296875 0.725 0.05 0.0375
1 0.10546875 0.975 0.0140625 0.0375
1 0.88828125 0.7421875 0.0421875 0.50625
0 0.12265625 0.7296875 0.0421875 0.025
2 0.540625 0.68828125 0.0125 0.0578125
2 0.82421875 0.2625 0.3515625 0.48125
1 0.05 0.4625 0.0875 0.05625
2 0.3125 0.74921875 0.05 0.0234375
2 0.434375 0.75625 0.03125 0.01875
1 0.75625 0.6125 0.03125 0.1625
2 0.7875 0.91796875 0.04375 0.1640625
2 0.8 0.27421875 0.03125 0.5015625
1 0.27421875 0.76015625 0.0296875 0.0265625