0 0.41953125 0.75625 0.1671875 0.04375
1 0.50703125 0.51171875 0.0359375 0.9578125
1 0.94921875 0.51015625 0.0359375 0.9484375
2 0.96875 0.73828125 0.0625 0.0484375
0 0.2546875 0.7609375 0.084375 0.034375
2 0.1390625 0.73125 0.065625 0.025
0 0.52578125 0.74140625 0.0453125 0.0234375
1 0.59921875 0.75390625 0.1703125 0.0390625
2 0.2546875 0.49296875 0.509375 0.0171875
2 0.7375 0.43203125 0.50625 0.1359375
1 0.83125 0.76640625 0.04375 0.0203125
2 0.07890625 0.69375 0.0328125 0.01875
1 0.6796875 0.76328125 0.040625 0.0359375
1 0.290625 0.290625 0.121875 0.09375
1 0.21328125 0.971875 0.0265625 0.05625
1 0.61875 0.33515625 0.14375 0.0515625
1 0.6921875 0.97890625 0.375 0.0390625
2 0.14375 0.24765625 0.275 0.4828125
1 0.19296875 0.2875 0.1203125 0.08125
1 0.72265625 0.5171875 0.0296875 0.028125