0 0.3125 0.96640625 0.18125 0.0609375
1 0.75546875 0.50390625 0.0296875 0.9484375
1 0.16875 0.50625 0.0375 0.9375
1 0.50390625 0.64140625 0.9734375 0.0421875
2 0.16953125 0.39140625 0.0140625 0.0953125
0 0.52578125 0.49765625 0.2109375 0.9546875
1 0.39375 0.9953125 0.03125 0.009375
1 0.89453125 0.67265625 0.2078125 0.0484375
0 0.46171875 0.28984375 0.0296875 0.5796875
2 0.22265625 0.6484375 0.0578125 0.028125
1 0.25 0.9953125 0.03125 0.009375
2 0.34375 0.7875 0.025 0.425
2 0.76328125 0.9875 0.0359375 0.01875
0 0.68828125 0.303125 0.0859375 0.60625
1 0.61640625 0.98515625 0.0609375 0.0296875
2 0.87578125 0.328125 0.2453125 0.65625
2 0.6375 0.70078125 0.0875 0.0265625
1 0.09375 0.625 0.18125 0.01875
2 0.975 0.68046875 0.025 0.0421875
0 0.7984375 0.8359375 0.08125 0.328125
2 0.5125 0.62890625 0.0125 0.0296875