0 0.89296875 0.4 0.2015625 0.05625
1 0.49921875 0.80390625 0.9640625 0.0578125
1 0.64140625 0.4625 0.1890625 0.13125
1 0.1625 0.525 0.025 0.9125
1 0.77421875 0.5140625 0.0203125 0.925
0 0.48125 0.45390625 0.20625 0.0890625
1 0.07578125 0.32421875 0.1453125 0.0578125
0 0.5484375 0.53828125 0.05625 0.9109375
2 0.64375 0.7859375 0.25625 0.01875
2 0.76953125 0.3875 0.0296875 0.025
2 0.73828125 0.4234375 0.0640625 0.084375
2 0.08125 0.55546875 0.1625 0.5828125
2 0.37578125 0.5125 0.0390625 0.025
1 0.10546875 0.821875 0.1984375 0.03125
0 0.4125 0.58046875 0.11875 0.8234375
0 0.98046875 0.5125 0.0234375 0.9125
2 0.01015625 0.33671875 0.0203125 0.0296875
1 0.275 0.915625 0.05 0.16875
1 0.71640625 0.9 0.1078125 0.2
2 0.31328125 0.51875 0.1890625 0.0875
0 0.87890625 0.51875 0.1953125 0.9125
2 0.98671875 0.7125 0.0140625 0.1125
1 0.23046875 0.5203125 0.1359375 0.903125
2 0.50703125 0.0859375 0.9734375 0.071875
2 0.4796875 0.78515625 0.096875 0.0171875