2 0.0765625 0.48203125 0.153125 0.0578125
1 0.33515625 0.48828125 0.0234375 0.9515625
0 0.42265625 0.4359375 0.1140625 0.08125
1 0.12578125 0.465625 0.0484375 0.9
0 0.71171875 0.46796875 0.1296875 0.0640625
0 0.9625 0.49140625 0.0625 0.0296875
0 0.16796875 0.4890625 0.0703125 0.04375
1 0.659375 0.925 0.03125 0.06875
0 0.6140625 0.50703125 0.09375 0.0515625
1 0.65546875 0.88046875 0.0484375 0.0359375
0 0.79375 0.45 0.05 0.04375
0 0.74921875 0.5203125 0.0859375 0.953125
1 0.17578125 0.5171875 0.0140625 0.0375
1 0.4859375 0.46015625 0.01875 0.0203125
1 0.375 0.4625 0.04375 0.03125
2 0.01875 0.78125 0.0375 0.01875
0 0.23125 0.46953125 0.05625 0.0296875