1 0.24140625 0.4984375 0.0203125 0.94375
1 0.96015625 0.5 0.0234375 0.95625
0 0.3296875 0.28125 0.109375 0.0875
0 0.67421875 0.52109375 0.0765625 0.9578125
0 0.03828125 0.35 0.0703125 0.05
0 0.6546875 0.2703125 0.13125 0.0875
2 0.10703125 0.35546875 0.0921875 0.0578125
1 0.26875 0.8484375 0.05 0.303125
2 0.84375 0.22578125 0.0375 0.4515625
2 0.9625 0.6234375 0.0125 0.071875
1 0.88515625 0.94296875 0.1328125 0.0921875
1 0.51953125 0.69765625 0.0265625 0.0359375
0 0.97421875 0.27421875 0.0515625 0.0484375
1 0.4171875 0.69453125 0.046875 0.0359375
1 0.30703125 0.34140625 0.1328125 0.6828125
2 0.03203125 0.63125 0.0328125 0.7375