2 0.5171875 0.65625 0.171875 0.03125
1 0.63046875 0.50078125 0.0203125 0.9515625
0 0.30625 0.33125 0.18125 0.05625
2 0.0546875 0.22421875 0.103125 0.0640625
1 0.13125 0.5234375 0.025 0.921875
1 0.4171875 0.5046875 0.05 0.9375
0 0.9296875 0.35 0.08125 0.04375
1 0.93203125 0.71875 0.0953125 0.0625
0 0.45546875 0.33828125 0.0609375 0.0484375
1 0.66953125 0.69375 0.0734375 0.03125
1 0.81875 0.7 0.03125 0.03125
1 0.14140625 0.0625 0.2671875 0.125
0 0.11875 0.23515625 0.06875 0.0359375
1 0.0390625 0.75078125 0.0375 0.1453125