0 0.84375 0.35703125 0.2875 0.1203125
0 0.3375 0.35625 0.19375 0.125
0 0.6015625 0.30546875 0.19375 0.0578125
1 0.4859375 0.49765625 0.021875 0.9578125
0 0.96875 0.3875 0.05625 0.05
0 0.71953125 0.31875 0.0890625 0.05625
0 0.45390625 0.31953125 0.0984375 0.0890625
0 0.38515625 0.4046875 0.0734375 0.034375
0 0.2265625 0.3359375 0.1125 0.065625
1 0.4375 0.86875 0.06875 0.2625
0 0.878125 0.39453125 0.1125 0.0296875
1 0.2484375 0.6625 0.03125 0.675
1 0.7078125 0.51328125 0.03125 0.9421875
0 0.1109375 0.50390625 0.165625 0.9328125
1 0.53515625 0.0984375 0.0734375 0.175
0 0.5875 0.49375 0.2 0.95
0 0.76171875 0.35625 0.0515625 0.05
1 0.07421875 0.403125 0.0265625 0.021875
2 0.46875 0.721875 0.06875 0.034375
2 0.73125 0.80703125 0.01875 0.1671875
2 0.54375 0.72578125 0.0375 0.0328125
1 0.7625 0.10546875 0.09375 0.1484375
1 0.225 0.0625 0.01875 0.0625
1 0.22578125 0.83828125 0.0203125 0.2921875
1 0.2515625 0.07578125 0.15625 0.1359375
2 0.62421875 0.31171875 0.0390625 0.0265625
1 0.13828125 0.64296875 0.0234375 0.0484375
1 0.115625 0.73125 0.23125 0.04375
1 0.15546875 0.28046875 0.0140625 0.0421875
1 0.06875 0.46015625 0.025 0.5578125