1 0.45 0.49296875 0.01875 0.9484375
2 0.53203125 0.36171875 0.1296875 0.0953125
2 0.9515625 0.36875 0.08125 0.0375
2 0.421875 0.3984375 0.146875 0.053125
2 0.28046875 0.41015625 0.0921875 0.0640625
0 0.8359375 0.38125 0.096875 0.0375
0 0.89453125 0.50625 0.0765625 0.9625
0 0.0203125 0.37421875 0.040625 0.0484375
1 0.04375 0.05625 0.075 0.10625
1 0.38671875 0.41171875 0.0296875 0.0203125
1 0.73125 0.79453125 0.03125 0.0328125
1 0.63828125 0.7859375 0.0328125 0.028125
0 0.85703125 0.02265625 0.2859375 0.0453125
0 0.74296875 0.43671875 0.0484375 0.0296875
2 0.45 0.84453125 0.0125 0.1109375
2 0.23671875 0.6796875 0.0265625 0.63125
1 0.89375 0.3453125 0.04375 0.05625
0 0.14921875 0.4125 0.0546875 0.03125
1 0.290625 0.95546875 0.0125 0.0296875
0 0.096875 0.4109375 0.065625 0.028125