0 0.89140625 0.54765625 0.2109375 0.1359375
0 0.51171875 0.53125 0.1765625 0.125
0 0.7671875 0.5 0.16875 0.06875
1 0.05625 0.5359375 0.03125 0.896875
1 0.50546875 0.8546875 0.9578125 0.078125
1 0.66015625 0.56328125 0.0234375 0.8515625
0 0.64296875 0.48203125 0.0484375 0.0546875
1 0.23515625 0.5625 0.1421875 0.0875
2 0.971875 0.596875 0.05 0.034375
1 0.8671875 0.58125 0.03125 0.83125
1 0.025 0.34296875 0.05 0.0703125
1 0.4359375 0.5984375 0.05 0.803125
1 0.709375 0.88515625 0.021875 0.0296875
1 0.61796875 0.9359375 0.0828125 0.125
1 0.16875 0.91328125 0.09375 0.1578125
2 0.50078125 0.22421875 0.9859375 0.2578125
1 0.41328125 0.24296875 0.0234375 0.0703125
1 0.6828125 0.32421875 0.021875 0.0640625
1 0.26953125 0.5546875 0.0203125 0.021875
1 0.33125 0.7859375 0.01875 0.028125
1 0.05078125 0.96953125 0.0109375 0.0421875