2 0.2625 0.9546875 0.25 0.0875
2 0.61328125 0.94921875 0.2984375 0.0984375
0 0.73125 0.49765625 0.0625 0.9453125
0 0.48671875 0.50703125 0.1109375 0.9640625
0 0.2265625 0.60390625 0.453125 0.0359375
1 0.65 0.96328125 0.03125 0.0296875
1 0.825 0.63828125 0.08125 0.0671875
1 0.40078125 0.98046875 0.0265625 0.0328125
0 0.6125 0.22421875 0.2 0.0640625
1 0.48046875 0.93203125 0.0296875 0.0265625
1 0.9765625 0.36015625 0.046875 0.0265625
1 0.7359375 0.9765625 0.021875 0.021875
1 0.7671875 0.9734375 0.015625 0.053125
0 0.38671875 0.25546875 0.2265625 0.0609375
1 0.50625 0.91953125 0.03125 0.0328125
1 0.63125 0.94453125 0.03125 0.0359375
2 0.75390625 0.29921875 0.0203125 0.0328125
1 0.89765625 0.3375 0.1796875 0.06875
1 0.16640625 0.79453125 0.0234375 0.4015625
0 0.7484375 0.25703125 0.0375 0.0390625
1 0.2984375 0.92421875 0.040625 0.0296875