2 0.73515625 0.96328125 0.1640625 0.0734375
1 0.0796875 0.95078125 0.159375 0.0984375
1 0.8125 0.98125 0.0375 0.03125
1 0.18203125 0.91171875 0.0671875 0.0328125
1 0.2421875 0.49453125 0.025 0.9546875
1 0.93046875 0.49921875 0.0234375 0.9515625
1 0.98046875 0.9359375 0.0328125 0.0375
1 0.95078125 0.94921875 0.0234375 0.0234375
1 0.91875 0.9734375 0.03125 0.04375
1 0.8703125 0.99453125 0.01875 0.0109375
0 0.65703125 0.2984375 0.1453125 0.053125
1 0.42578125 0.9515625 0.3234375 0.096875
0 0.20078125 0.63125 0.3921875 0.025
1 0.875 0.975 0.0375 0.0375
0 0.45078125 0.209375 0.0921875 0.04375
0 0.6296875 0.51796875 0.071875 0.9640625
1 0.7015625 0.9421875 0.0375 0.028125
1 0.46953125 0.68828125 0.2203125 0.1359375
2 0.3125 0.8 0.01875 0.3875