2 0.3875 0.9453125 0.28125 0.1
1 0.04296875 0.984375 0.0640625 0.03125
2 0.57265625 0.94375 0.1546875 0.09375
2 0.78828125 0.94296875 0.3484375 0.1109375
1 0.275 0.99296875 0.05625 0.0140625
1 0.3265625 0.984375 0.065625 0.03125
1 0.64921875 0.49375 0.0203125 0.95625
0 0.95546875 0.25703125 0.0765625 0.0859375
1 0.84296875 0.95078125 0.0328125 0.0296875
1 0.925 0.49453125 0.03125 0.9515625
1 0.9546875 0.51328125 0.03125 0.9578125
1 0.6375 0.95546875 0.03125 0.0484375
1 0.9625 0.97421875 0.01875 0.0515625
1 0.7 0.90703125 0.0375 0.0328125
1 0.54921875 0.96796875 0.0359375 0.0359375
0 0.38125 0.27578125 0.15 0.0515625
0 0.36875 0.5109375 0.0875 0.959375
2 0.8015625 0.2109375 0.20625 0.06875
1 0.5890625 0.9671875 0.025 0.03125
1 0.67265625 0.91875 0.0296875 0.025
1 0.784375 0.91015625 0.03125 0.0359375
0 0.03671875 0.19375 0.0734375 0.0625
0 0.175 0.18828125 0.1 0.0484375
1 0.4296875 0.91640625 0.05 0.0328125
1 0.921875 0.44140625 0.015625 0.1859375
1 0.97421875 0.6234375 0.0515625 0.05625