2 0.93671875 0.83125 0.1171875 0.09375
2 0.365625 0.9125 0.321875 0.11875
1 0.1 0.85703125 0.2 0.0828125
2 0.7609375 0.8421875 0.240625 0.1125
1 0.234375 0.971875 0.090625 0.05625
1 0.359375 0.4984375 0.021875 0.94375
0 0.05390625 0.09375 0.0921875 0.05625
2 0.55078125 0.9265625 0.1359375 0.059375
1 0.06171875 0.88515625 0.0296875 0.0171875
2 0.85703125 0.80390625 0.0828125 0.0421875
1 0.95 0.85546875 0.03125 0.0328125
0 0.2125 0.08046875 0.1125 0.0484375
0 0.0671875 0.5125 0.040625 0.9375
0 0.565625 0.06015625 0.096875 0.0453125
2 0.2828125 0.940625 0.084375 0.04375
1 0.17421875 0.8375 0.0484375 0.025
2 0.35625 0.4859375 0.28125 0.01875
0 0.75703125 0.16015625 0.0609375 0.0359375
2 0.43125 0.721875 0.01875 0.55625
1 0.9921875 0.85 0.015625 0.03125
0 0.30703125 0.08828125 0.0734375 0.0390625
0 0.4796875 0.91015625 0.05 0.0515625
1 0.6671875 0.51328125 0.071875 0.0578125
0 0.10078125 0.07265625 0.0453125 0.0453125
0 0.6359375 0.08515625 0.071875 0.0546875