1 0.61953125 0.48046875 0.0203125 0.9359375
2 0.4625 0.38515625 0.19375 0.0640625
1 0.08671875 0.83125 0.0671875 0.0375
2 0.23828125 0.8078125 0.4734375 0.025
0 0.0234375 0.39375 0.046875 0.0625
0 0.08125 0.446875 0.06875 0.059375
2 0.93203125 0.7890625 0.1234375 0.021875
0 0.7359375 0.36328125 0.121875 0.0515625
1 0.325 0.55 0.05 0.8875
1 0.99453125 0.48046875 0.0109375 0.0171875
1 0.925 0.88671875 0.08125 0.1734375
2 0.6234375 0.74765625 0.0125 0.0984375
1 0.5921875 0.01171875 0.05625 0.0234375
0 0.19296875 0.46875 0.0640625 0.0375
0 0.03046875 0.47890625 0.0546875 0.8578125
0 0.31171875 0.39453125 0.0515625 0.0328125
1 0.22578125 0.83125 0.0453125 0.0375
2 0.6703125 0.8 0.659375 0.025