1 0.50546875 0.42421875 0.9890625 0.0859375
1 0.8125 0.9484375 0.09375 0.025
0 0.8421875 0.45 0.0875 0.025
0 0.91953125 0.44375 0.0828125 0.01875
2 0.18125 0.39765625 0.125 0.0546875
0 0.42421875 0.41796875 0.0828125 0.0359375
0 0.5203125 0.43125 0.1625 0.03125
2 0.2671875 0.41796875 0.09375 0.0296875
2 0.95390625 0.41875 0.0828125 0.0125
1 0.05 0.59453125 0.05 0.0203125
0 0.05546875 0.47578125 0.1109375 0.0265625
0 0.69375 0.43046875 0.09375 0.0234375
0 0.10546875 0.40078125 0.0453125 0.0421875
1 0.93046875 0.9953125 0.0203125 0.009375
1 0.01875 0.98515625 0.01875 0.0109375
1 0.55625 0.78671875 0.0375 0.0265625