2 0.55546875 0.11640625 0.2109375 0.2265625
2 0.10546875 0.8921875 0.1953125 0.090625
1 0.7890625 0.62578125 0.146875 0.2078125
1 0.34140625 0.8265625 0.6828125 0.2625
2 0.71640625 0.43671875 0.0515625 0.1546875
2 0.67578125 0.26328125 0.0453125 0.2171875
2 0.93671875 0.85 0.1078125 0.26875
2 0.7 0.39375 0.01875 0.04375
2 0.90703125 0.75546875 0.0203125 0.0390625
2 0.25703125 0.23828125 0.5140625 0.4765625
1 0.5375 0.7484375 0.21875 0.065625
1 0.2859375 0.9640625 0.078125 0.05625
2 0.98828125 0.8703125 0.0234375 0.0125
2 0.6765625 0.98046875 0.10625 0.0265625
1 0.99453125 0.9578125 0.0109375 0.065625