1 0.34765625 0.69375 0.1828125 0.21875
2 0.240625 0.4234375 0.090625 0.346875
2 0.53125 0.884375 0.15 0.21875
2 0.10546875 0.24140625 0.2015625 0.0765625
2 0.2734375 0.0375 0.340625 0.075
2 0.22421875 0.41328125 0.0296875 0.0671875
2 0.65546875 0.9625 0.1796875 0.0625
2 0.24375 0.48125 0.03125 0.05625
2 0.49296875 0.82578125 0.0328125 0.0421875
2 0.21953125 0.3375 0.0234375 0.04375
1 0.25078125 0.02265625 0.0421875 0.0140625
1 0.178125 0.01015625 0.059375 0.0171875
1 0.31953125 0.03671875 0.0265625 0.0140625
2 0.80546875 0.23046875 0.3890625 0.4390625
2 0.4578125 0.7 0.059375 0.075
1 0.36796875 0.04296875 0.0171875 0.0109375
2 0.19375 0.296875 0.0625 0.096875