2 0.9109375 0.31875 0.1625 0.14375
2 0.72578125 0.3921875 0.3984375 0.096875
0 0.2171875 0.46640625 0.421875 0.0578125
2 0.19921875 0.3265625 0.3984375 0.26875
1 0.96875 0.87265625 0.05625 0.2234375
2 0.59375 0.425 0.11875 0.03125
0 0.52265625 0.35625 0.0484375 0.1
2 0.69921875 0.4046875 0.1140625 0.025
2 0.38671875 0.91953125 0.0484375 0.1359375
2 0.8125 0.38203125 0.0375 0.0234375
2 0.3375 0.7171875 0.04375 0.11875
2 0.3453125 0.84140625 0.040625 0.0578125
2 0.3109375 0.2125 0.221875 0.03125
2 0.3734375 0.59453125 0.05 0.1515625
2 0.178125 0.7234375 0.35625 0.521875
2 0.840625 0.6296875 0.31875 0.725
2 0.52421875 0.415625 0.0515625 0.03125