2 0.32578125 0.59296875 0.6296875 0.7953125
1 0.2359375 0.42578125 0.071875 0.2953125
2 0.109375 0.23203125 0.2 0.0671875
1 0.34453125 0.7 0.1890625 0.16875
1 0.56171875 0.9421875 0.0765625 0.09375
0 0.43828125 0.78828125 0.1359375 0.0890625
2 0.2421875 0.48828125 0.034375 0.0609375
1 0.66875 0.95703125 0.1625 0.0640625
0 0.19375 0.25703125 0.0375 0.0421875
1 0.0125 0.21328125 0.025 0.0453125
2 0.76875 0.84375 0.43125 0.29375
2 0.49921875 0.83671875 0.0296875 0.0421875
1 0.38203125 0.05 0.1203125 0.04375