1 0.48828125 0.428125 0.1703125 0.85625
1 0.52421875 0.11953125 0.0609375 0.2234375
1 0.49375 0.79296875 0.05 0.1671875
2 0.575 0.95078125 0.075 0.0890625
1 0.546875 0.34921875 0.028125 0.2609375
0 0.975 0.56171875 0.05 0.0421875
2 0.76875 0.309375 0.45625 0.61875
1 0.30625 0.53125 0.2 0.78125
2 0.52578125 0.63671875 0.0296875 0.0484375
1 0.76328125 0.94375 0.1203125 0.06875
2 0.47578125 0.86328125 0.0234375 0.0390625
2 0.76875 0.7609375 0.45625 0.46875
0 0.08828125 0.51953125 0.1765625 0.9203125
0 0.49921875 0.0203125 0.0234375 0.040625
2 0.6296875 0.940625 0.053125 0.03125
2 0.55625 0.46796875 0.01875 0.0359375
1 0.534375 0.54296875 0.05 0.1640625
1 0.03515625 0.86796875 0.0234375 0.0140625
1 0.1625 0.771875 0.09375 0.071875