1 0.70703125 0.65546875 0.3015625 0.3609375
1 0.475 0.4578125 0.2875 0.153125
2 0.20703125 0.41015625 0.4046875 0.0703125
2 0.6203125 0.575 0.075 0.1125
1 0.86796875 0.82578125 0.1859375 0.2703125
2 0.7375 0.68046875 0.1 0.0390625
2 0.36015625 0.4 0.0953125 0.03125
2 0.54453125 0.49453125 0.0734375 0.0421875
2 0.68671875 0.64765625 0.0828125 0.0421875
2 0.22578125 0.40703125 0.0671875 0.0296875
0 0.03125 0.41953125 0.0625 0.0453125
2 0.44921875 0.40703125 0.0609375 0.0359375
2 0.41171875 0.4 0.0390625 0.01875
1 0.5890625 0.20625 0.25 0.4