2 0.33671875 0.51015625 0.3796875 0.9734375
1 0.44921875 0.38671875 0.0984375 0.2703125
1 0.21796875 0.90546875 0.1078125 0.1890625
2 0.45703125 0.1109375 0.1078125 0.21875
1 0.36328125 0.62578125 0.1015625 0.2296875
2 0.8546875 0.53671875 0.290625 0.3390625
1 0.07578125 0.93671875 0.1515625 0.0328125
1 0.803125 0.925 0.05625 0.01875
2 0.871875 0.184375 0.25625 0.353125
1 0.9859375 0.8953125 0.028125 0.046875
1 0.86953125 0.52421875 0.0296875 0.0546875
1 0.04921875 0.19921875 0.0890625 0.1984375
1 0.2171875 0.91796875 0.03125 0.0328125
2 0.2875 0.7546875 0.06875 0.0875
2 0.45 0.4078125 0.01875 0.025