1 0.51796875 0.5 0.0921875 0.975
1 0.40703125 0.6375 0.1703125 0.13125
1 0.375 0.94453125 0.0875 0.1078125
1 0.50703125 0.9125 0.0359375 0.125
2 0.240625 0.434375 0.471875 0.853125
1 0.65078125 0.7171875 0.1109375 0.0875
1 0.2484375 0.40546875 0.15 0.0984375
2 0.7609375 0.35625 0.4625 0.7
1 0.5765625 0.33125 0.11875 0.0625
2 0.50703125 0.33203125 0.0390625 0.1734375
1 0.66171875 0.90078125 0.0359375 0.0265625
1 0.36171875 0.5875 0.0390625 0.0625
1 0.36328125 0.70078125 0.0203125 0.0265625
1 0.94921875 0.63671875 0.0859375 0.0765625
1 0.04453125 0.64921875 0.0828125 0.0984375
2 0.51875 0.78125 0.0375 0.13125
1 0.6875 0.9734375 0.125 0.05
1 0.3265625 0.58046875 0.025 0.0359375
2 0.85 0.8125 0.3 0.36875
2 0.5375 0.615625 0.0375 0.103125
1 0.34765625 0.63828125 0.0265625 0.0171875
1 0.13515625 0.71953125 0.0140625 0.0421875
1 0.09296875 0.69375 0.0171875 0.025
2 0.44453125 0.39765625 0.1046875 0.0953125