2 0.5224609375 0.39453125 0.947265625 0.78515625
2 0.583984375 0.609375 0.16796875 0.33203125
2 0.8212890625 0.755859375 0.318359375 0.0625
2 0.208984375 0.150390625 0.21875 0.28515625
2 0.23828125 0.0654296875 0.03125 0.130859375
2 0.6552734375 0.7353515625 0.048828125 0.083984375
1 0.767578125 0.8857421875 0.05078125 0.181640625
2 0.7470703125 0.77734375 0.029296875 0.01953125
1 0.1494140625 0.40234375 0.044921875 0.03125
1 0.7880859375 0.7568359375 0.025390625 0.017578125
2 0.5537109375 0.533203125 0.021484375 0.01953125
2 0.619140625 0.6494140625 0.0234375 0.025390625
1 0.185546875 0.2412109375 0.03515625 0.025390625