1 0.2265625 0.59921875 0.44375 0.1203125
2 0.83125 0.321875 0.3 0.090625
1 0.55703125 0.46171875 0.2390625 0.1796875
2 0.45078125 0.5375 0.0703125 0.0625
0 0.94765625 0.3234375 0.0640625 0.040625
2 0.02109375 0.58046875 0.0421875 0.0296875
2 0.69921875 0.34453125 0.0578125 0.0453125
2 0.23046875 0.6140625 0.0765625 0.028125
2 0.16015625 0.6375 0.0765625 0.0375
2 0.38046875 0.63515625 0.0515625 0.0546875
2 0.79765625 0.30625 0.0734375 0.03125
2 0.77265625 0.15625 0.4546875 0.3
2 0.5890625 0.43203125 0.05 0.0296875
2 0.48671875 0.5 0.0453125 0.0375