2 0.39921875 0.51015625 0.1171875 0.9765625
2 0.17890625 0.5 0.3578125 0.975
2 0.78671875 0.5 0.4265625 0.975
1 0.4 0.93828125 0.08125 0.0984375
2 0.3875 0.15390625 0.0375 0.2890625
2 0.5375 0.17265625 0.25625 0.3265625
2 0.4625 0.88125 0.04375 0.04375
2 0.61796875 0.73125 0.0203125 0.0375
1 0.65703125 0.69453125 0.0765625 0.0765625
1 0.93671875 0.565625 0.0421875 0.03125
2 0.5375 0.80625 0.1875 0.325
1 0.25 0.7859375 0.09375 0.1375
1 0.96640625 0.65625 0.0546875 0.0375
1 0.9296875 0.96875 0.0625 0.04375
1 0.95390625 0.41640625 0.0359375 0.0421875