1 0.4703125 0.4875 0.940625 0.15
1 0.1 0.44453125 0.1875 0.0484375
1 0.42265625 0.45546875 0.1703125 0.0515625
1 0.63203125 0.52421875 0.1453125 0.0671875
2 0.2625 0.2171875 0.525 0.43125
1 0.28125 0.4484375 0.16875 0.04375
1 0.95390625 0.54140625 0.0484375 0.0515625
1 0.88125 0.775 0.025 0.025
1 0.034375 0.78203125 0.05625 0.0203125
1 0.68125 0.54375 0.03125 0.025
1 0.96328125 0.96328125 0.0234375 0.0328125
2 0.82265625 0.51796875 0.0421875 0.0265625
1 0.39375 0.57265625 0.0875 0.0578125
1 0.89375 0.94375 0.01875 0.01875
1 0.0765625 0.07578125 0.153125 0.1484375
1 0.2171875 0.596875 0.028125 0.021875
1 0.446875 0.0375 0.09375 0.075
1 0.68046875 0.05390625 0.0296875 0.0234375
1 0.67890625 0.7671875 0.0203125 0.021875
1 0.43125 0.38046875 0.03125 0.0359375
1 0.35625 0.33046875 0.025 0.0296875
1 0.9125 0.33671875 0.04375 0.0421875
1 0.47265625 0.046875 0.0203125 0.025
1 0.84765625 0.22265625 0.0421875 0.0484375
2 0.31015625 0.45 0.0296875 0.025
1 0.55703125 0.1390625 0.0171875 0.01875
1 0.45703125 0.59453125 0.0203125 0.0203125
1 0.2515625 0.96015625 0.021875 0.0203125
1 0.63671875 0.97421875 0.0546875 0.0515625