1 0.51796875 0.49921875 0.0921875 0.9796875
0 0.184375 0.51328125 0.23125 0.9546875
1 0.51875 0.53046875 0.05625 0.1453125
2 0.50078125 0.36875 0.0484375 0.15625
1 0.40390625 0.63046875 0.1078125 0.0609375
1 0.36953125 0.95078125 0.0703125 0.0828125
1 0.509375 0.9109375 0.040625 0.153125
2 0.53671875 0.634375 0.0359375 0.121875
0 0.92421875 0.5546875 0.1328125 0.890625
1 0.3296875 0.57578125 0.034375 0.0546875
1 0.3671875 0.7 0.03125 0.0375
2 0.39921875 0.859375 0.2328125 0.28125
1 0.66171875 0.9 0.0390625 0.025
1 0.29375 0.625 0.15 0.05
1 0.34453125 0.6390625 0.0234375 0.01875
2 0.44765625 0.38046875 0.0828125 0.0640625
1 0.64140625 0.70703125 0.1421875 0.1203125
1 0.95 0.6390625 0.075 0.06875
2 0.5171875 0.23671875 0.01875 0.0296875