1 0.2421875 0.49453125 0.1125 0.9796875
0 0.52890625 0.49453125 0.1421875 0.9640625
2 0.10625 0.9484375 0.18125 0.071875
0 0.3375 0.09296875 0.15625 0.0359375
1 0.1921875 0.1546875 0.05 0.309375
0 0.04921875 0.5 0.0921875 0.94375
1 0.27421875 0.925 0.0921875 0.15
2 0.41171875 0.79296875 0.2421875 0.0453125
2 0.2296875 0.0921875 0.075 0.03125
1 0.17421875 0.575 0.2296875 0.01875
2 0.4671875 0.06796875 0.0375 0.0265625
1 0.3140625 0.7421875 0.428125 0.053125
0 0.83046875 0.4984375 0.3390625 0.96875
2 0.4328125 0.2828125 0.065625 0.40625
1 0.24765625 0.66171875 0.0421875 0.1546875
1 0.4671875 0.74375 0.04375 0.01875
0 0.84765625 0.575 0.2328125 0.08125
2 0.66875 0.44453125 0.15 0.2546875
1 0.05 0.84375 0.0625 0.06875
2 0.18203125 0.09765625 0.0328125 0.0234375
1 0.02578125 0.9921875 0.0484375 0.015625
2 0.51796875 0.76953125 0.0390625 0.0703125
2 0.525 0.60078125 0.11875 0.1015625
2 0.63203125 0.7546875 0.2359375 0.115625
0 0.7796875 0.66640625 0.196875 0.0828125
1 0.9734375 0.34453125 0.03125 0.0328125
1 0.7296875 0.53125 0.025 0.03125