1 0.25625 0.49296875 0.5125 0.9734375
1 0.49375 0.90625 0.04375 0.175
2 0.75078125 0.3 0.4984375 0.59375
2 0.78515625 0.60703125 0.1484375 0.0765625
2 0.50625 0.14296875 0.03125 0.0859375
2 0.34765625 0.25546875 0.0640625 0.0546875
2 0.21953125 0.2640625 0.0765625 0.046875
2 0.0203125 0.24453125 0.028125 0.0203125
1 0.21953125 0.46328125 0.0390625 0.0484375
2 0.33125 0.0875 0.1 0.06875
2 0.8984375 0.18203125 0.021875 0.0203125
2 0.6203125 0.52421875 0.128125 0.1140625
2 0.35078125 0.1328125 0.0453125 0.040625