1 0.503125 0.53515625 0.984375 0.0953125
2 0.675 0.53125 0.13125 0.0375
2 0.38828125 0.53125 0.1734375 0.05625
2 0.8171875 0.54375 0.13125 0.03125
2 0.7734375 0.27265625 0.453125 0.5359375
2 0.93203125 0.54296875 0.1359375 0.0359375
0 0.5546875 0.5125 0.134375 0.05625
2 0.315625 0.2734375 0.63125 0.534375
1 0.18671875 0.5546875 0.1828125 0.0375
2 0.74765625 0.7625 0.5046875 0.45
2 0.21796875 0.77265625 0.4359375 0.4328125
1 0.43671875 0.959375 0.1484375 0.08125
1 0.87265625 0.23125 0.0328125 0.01875
1 0.57890625 0.7984375 0.0171875 0.025
1 0.9328125 0.1421875 0.025 0.025
1 0.5921875 0.26796875 0.109375 0.0890625
1 0.07578125 0.7796875 0.0265625 0.028125
1 0.2109375 0.7125 0.01875 0.01875
1 0.61875 0.69140625 0.0375 0.0390625