1 0.49765625 0.475 0.9859375 0.1125
1 0.55625 0.5140625 0.175 0.04375
1 0.6828125 0.478125 0.14375 0.040625
0 0.3859375 0.51796875 0.23125 0.0328125
2 0.2265625 0.5046875 0.128125 0.03125
0 0.79296875 0.4546875 0.1234375 0.028125
1 0.08828125 0.4609375 0.1703125 0.046875
2 0.96015625 0.4265625 0.0765625 0.0375
1 0.71328125 0.54140625 0.0609375 0.0296875
0 0.290625 0.5296875 0.05 0.01875
1 0.07890625 0.8265625 0.0484375 0.04375
2 0.4359375 0.51640625 0.034375 0.0203125
1 0.4984375 0.33203125 0.084375 0.0609375
1 0.19296875 0.925 0.0390625 0.025
1 0.96328125 0.68125 0.0640625 0.04375
2 0.68046875 0.74765625 0.6390625 0.4703125
1 0.0421875 0.165625 0.084375 0.071875
1 0.89453125 0.58515625 0.0203125 0.0171875
1 0.6359375 0.8609375 0.021875 0.015625
2 0.784375 0.17578125 0.43125 0.3421875
1 0.90625 0.44921875 0.01875 0.0140625