2 0.49765625 0.08125 0.0484375 0.15
1 0.19609375 0.49296875 0.3921875 0.9421875
1 0.053125 0.9109375 0.025 0.021875
2 0.7625 0.275 0.475 0.55
1 0.49453125 0.93828125 0.0421875 0.1046875
1 0.76875 0.6046875 0.0375 0.0125
2 0.53125 0.525 0.03125 0.06875
2 0.771875 0.73125 0.45625 0.5375
1 0.215625 0.1546875 0.01875 0.0125
2 0.01875 0.74765625 0.0375 0.0453125
1 0.8953125 0.18203125 0.015625 0.0140625
0 0.60703125 0.53671875 0.1671875 0.1671875
1 0.984375 0.075 0.01875 0.0125
1 0.33828125 0.13515625 0.0453125 0.0265625
1 0.26171875 0.48046875 0.1328125 0.1046875