2 0.36796875 0.85546875 0.2109375 0.2703125
2 0.30625 0.50546875 0.6125 0.9859375
1 0.55625 0.465625 0.09375 0.278125
2 0.10625 0.725 0.1625 0.225
2 0.58203125 0.41328125 0.0296875 0.0515625
2 0.72578125 0.2265625 0.5484375 0.434375
2 0.434375 0.784375 0.0375 0.065625
2 0.31796875 0.91796875 0.0484375 0.0703125
2 0.75859375 0.69453125 0.4828125 0.6109375
2 0.14765625 0.77421875 0.0421875 0.0765625
2 0.46796875 0.73515625 0.0828125 0.0953125
2 0.41953125 0.18046875 0.0265625 0.0390625
2 0.38671875 0.84765625 0.0328125 0.0359375
2 0.5203125 0.61875 0.01875 0.04375
1 0.49921875 0.92578125 0.0640625 0.0421875
1 0.33203125 0.53671875 0.0609375 0.0328125
1 0.375 0.66875 0.10625 0.05
1 0.98046875 0.728125 0.0265625 0.034375
2 0.53515625 0.565625 0.0234375 0.03125
2 0.42890625 0.4609375 0.0203125 0.021875
1 0.1390625 0.93515625 0.14375 0.1046875
2 0.40546875 0.51171875 0.2453125 0.2390625
2 0.24765625 0.21328125 0.0203125 0.0234375