2 0.36640625 0.49453125 0.5984375 0.9578125
1 0.3484375 0.18828125 0.159375 0.2703125
2 0.45546875 0.32578125 0.1546875 0.2328125
2 0.15703125 0.0359375 0.2140625 0.06875
2 0.6125 0.8234375 0.10625 0.35
2 0.57578125 0.38125 0.1296875 0.09375
2 0.52578125 0.49921875 0.0703125 0.1390625
2 0.79140625 0.65703125 0.4171875 0.6703125
2 0.5875 0.76171875 0.03125 0.0953125
2 0.52578125 0.42578125 0.0359375 0.0359375
2 0.80078125 0.21796875 0.3984375 0.4078125
2 0.34296875 0.15078125 0.0234375 0.0421875
2 0.39921875 0.25390625 0.0328125 0.0796875
2 0.16875 0.05625 0.025 0.01875
2 0.525 0.0859375 0.34375 0.171875
2 0.1296875 0.384375 0.25 0.315625
2 0.51328125 0.475 0.0203125 0.03125
2 0.6484375 0.978125 0.03125 0.04375