2 0.50546875 0.4359375 0.9890625 0.06875
0 0.12421875 0.40703125 0.2359375 0.0390625
2 0.25390625 0.20625 0.5015625 0.40625
0 0.4671875 0.42890625 0.121875 0.0515625
2 0.7453125 0.20703125 0.509375 0.4015625
2 0.88203125 0.43046875 0.0515625 0.0296875
2 0.26484375 0.71796875 0.5296875 0.5546875
2 0.59921875 0.41640625 0.1296875 0.0359375
2 0.7609375 0.42890625 0.153125 0.0390625
2 0.76015625 0.75 0.4796875 0.4875
2 0.8546875 0.4484375 0.028125 0.025
2 0.33046875 0.41640625 0.1203125 0.0328125
1 0.92421875 0.72265625 0.1046875 0.0546875
2 0.9375 0.41640625 0.10625 0.0328125
2 0.51796875 0.4484375 0.0296875 0.025