1 0.5615234375 0.8408203125 0.224609375 0.291015625
1 0.904296875 0.130859375 0.03125 0.19921875
2 0.63671875 0.830078125 0.0703125 0.0546875
2 0.638671875 0.9462890625 0.04296875 0.076171875
2 0.3271484375 0.5205078125 0.193359375 0.275390625
2 0.6767578125 0.7880859375 0.068359375 0.052734375
1 0.79296875 0.6513671875 0.4140625 0.416015625
2 0.5888671875 0.859375 0.060546875 0.078125
1 0.513671875 0.76953125 0.05859375 0.0859375
2 0.6474609375 0.9892578125 0.037109375 0.021484375
2 0.2109375 0.4091796875 0.046875 0.068359375