2 0.425 0.50703125 0.36875 0.9734375
1 0.5375 0.54375 0.11875 0.2625
2 0.509375 0.14296875 0.05625 0.2796875
1 0.30078125 0.93828125 0.0890625 0.1140625
2 0.1125 0.95390625 0.225 0.0359375
1 0.45390625 0.71953125 0.0828125 0.1359375
2 0.1359375 0.26953125 0.271875 0.5046875
1 0.21796875 0.95625 0.0234375 0.01875
1 0.93125 0.65625 0.09375 0.0625
0 0.38515625 0.80703125 0.1234375 0.1234375
2 0.83359375 0.325 0.3328125 0.61875
2 0.80703125 0.76796875 0.3859375 0.4265625
1 0.5734375 0.23125 0.025 0.01875
2 0.53671875 0.57421875 0.0265625 0.0484375
1 0.3046875 0.09375 0.06875 0.09375
1 0.07890625 0.52578125 0.0484375 0.0421875
1 0.1390625 0.259375 0.025 0.01875
2 0.36328125 0.85 0.0421875 0.0375
1 0.3109375 0.93203125 0.028125 0.0328125