1 0.56171875 0.4734375 0.1109375 0.56875
1 0.4671875 0.825 0.15 0.31875
0 0.8796875 0.18828125 0.240625 0.1015625
1 0.4125 0.92578125 0.0375 0.1328125
2 0.678125 0.18125 0.1625 0.1125
1 0.7484375 0.8640625 0.20625 0.0625
2 0.0578125 0.47421875 0.103125 0.0609375
2 0.49453125 0.1171875 0.2546875 0.221875
2 0.56328125 0.49453125 0.0359375 0.0421875
1 0.784375 0.98203125 0.059375 0.0265625
2 0.23359375 0.71015625 0.4671875 0.5796875
1 0.76171875 0.93515625 0.1546875 0.1078125
1 0.47890625 0.8734375 0.0703125 0.040625
2 0.62890625 0.21171875 0.0484375 0.0328125
2 0.23046875 0.25 0.4609375 0.49375
1 0.76953125 0.4296875 0.0640625 0.06875
2 0.40078125 0.7484375 0.1203125 0.05625
1 0.53828125 0.65703125 0.0359375 0.1515625
2 0.571875 0.2109375 0.01875 0.01875
1 0.01953125 0.86875 0.0265625 0.025
1 0.5171875 0.70703125 0.03125 0.0578125
1 0.36015625 0.87578125 0.0421875 0.0421875
1 0.45 0.6625 0.04375 0.025
2 0.98828125 0.56171875 0.0234375 0.0609375
1 0.66796875 0.940625 0.0765625 0.071875
1 0.7125 0.45625 0.0625 0.11875
2 0.6125 0.03828125 0.08125 0.0703125