1 0.33046875 0.4875 0.0734375 0.975
2 0.315625 0.50078125 0.034375 0.1296875
2 0.30390625 0.7609375 0.0296875 0.14375
0 0.02578125 0.4890625 0.0421875 0.978125
2 0.92421875 0.54921875 0.1484375 0.6453125
2 0.534375 0.3328125 0.428125 0.665625
1 0.88125 0.49140625 0.025 0.0390625
1 0.76328125 0.834375 0.0203125 0.040625
2 0.3171875 0.8625 0.0125 0.01875
1 0.36640625 0.67265625 0.0234375 0.0578125
0 0.91171875 0.33828125 0.0578125 0.1203125
1 0.3015625 0.82578125 0.015625 0.0234375
1 0.2390625 0.71171875 0.15 0.4734375