1 0.50703125 0.49765625 0.9734375 0.1265625
2 0.1625 0.25390625 0.325 0.5078125
1 0.7140625 0.52265625 0.140625 0.0640625
1 0.8484375 0.5125 0.146875 0.075
1 0.98125 0.64921875 0.0375 0.0234375
2 0.53125 0.49453125 0.0375 0.0359375
2 0.64375 0.49296875 0.05 0.0359375
2 0.178125 0.77578125 0.35625 0.4171875
1 0.975 0.353125 0.05 0.065625
1 0.66171875 0.70703125 0.0140625 0.0328125
1 0.8625 0.85078125 0.08125 0.0984375
1 0.56328125 0.80546875 0.0421875 0.0578125
1 0.80625 0.07421875 0.06875 0.1421875
1 0.03203125 0.0296875 0.0359375 0.05
2 0.0140625 0.42421875 0.028125 0.0671875
2 0.440625 0.49453125 0.01875 0.0203125