2 0.4375 0.55546875 0.3625 0.8890625
2 0.3328125 0.346875 0.234375 0.153125
2 0.575 0.26015625 0.1 0.3015625
1 0.484375 0.86875 0.08125 0.2375
1 0.53515625 0.6125 0.0296875 0.36875
2 0.784375 0.34453125 0.43125 0.6890625
2 0.45 0.40546875 0.15625 0.0671875
2 0.15625 0.1203125 0.3125 0.240625
2 0.6109375 0.44765625 0.115625 0.1296875
2 0.525 0.44453125 0.04375 0.0578125
2 0.25546875 0.29765625 0.0265625 0.0328125
2 0.00625 0.1984375 0.0125 0.053125
2 0.45546875 0.99140625 0.0265625 0.0171875
2 0.16875 0.69375 0.33125 0.6
2 0.60625 0.11328125 0.03125 0.0921875
2 0.475 0.5921875 0.01875 0.040625