1 0.47265625 0.4921875 0.9453125 0.15
1 0.56875 0.48671875 0.1625 0.0828125
2 0.76953125 0.534375 0.1671875 0.0625
2 0.05703125 0.44453125 0.1078125 0.0328125
1 0.43125 0.45 0.14375 0.0375
2 0.60703125 0.5125 0.0453125 0.025
2 0.8875 0.4875 0.11875 0.0375
2 0.7046875 0.55703125 0.034375 0.0171875
1 0.39921875 0.5625 0.1046875 0.05
2 0.54453125 0.4625 0.0359375 0.01875
2 0.325 0.45078125 0.09375 0.0328125
1 0.68125 0.54296875 0.03125 0.0203125
2 0.275 0.21875 0.54375 0.4375
1 0.9515625 0.5375 0.040625 0.0375
1 0.89296875 0.94375 0.0203125 0.025
1 0.74296875 0.69921875 0.0296875 0.0296875
1 0.11640625 0.54140625 0.0359375 0.0265625
1 0.84453125 0.12578125 0.0390625 0.0515625