2 0.40703125 0.50546875 0.4140625 0.9640625
1 0.30703125 0.87265625 0.1453125 0.2265625
1 0.4875 0.63046875 0.23125 0.1296875
1 0.17421875 0.63046875 0.3484375 0.0734375
1 0.5875 0.33828125 0.05625 0.6296875
1 0.375 0.7640625 0.025 0.146875
1 0.60546875 0.08046875 0.0296875 0.1515625
2 0.56953125 0.48671875 0.0203125 0.0234375
2 0.30546875 0.6484375 0.0828125 0.025
0 0.37421875 0.66796875 0.0828125 0.0421875
2 0.61171875 0.18203125 0.0171875 0.0296875
2 0.5828125 0.53125 0.028125 0.08125
1 0.36171875 0.86796875 0.0421875 0.0109375
2 0.7734375 0.275 0.340625 0.525