1 0.44921875 0.66953125 0.8984375 0.3171875
1 0.13125 0.77578125 0.24375 0.0703125
1 0.29921875 0.66171875 0.1390625 0.1765625
1 0.90703125 0.790625 0.1453125 0.41875
2 0.51875 0.5828125 0.175 0.065625
1 0.865625 0.24921875 0.084375 0.3140625
1 0.83203125 0.5125 0.0765625 0.21875
1 0.68125 0.60390625 0.2 0.0421875
2 0.56875 0.04296875 0.025 0.0796875
1 0.70390625 0.1875 0.3296875 0.375
2 0.23125 0.7359375 0.10625 0.05625
1 0.94296875 0.89375 0.0265625 0.175
1 0.434375 0.44296875 0.078125 0.0234375
2 0.4 0.55 0.05625 0.025
2 0.96328125 0.76796875 0.0734375 0.0296875
2 0.84453125 0.065625 0.0453125 0.025
2 0.240625 0.29921875 0.465625 0.5921875
2 0.5984375 0.60703125 0.040625 0.0140625
1 0.75703125 0.25625 0.0359375 0.11875
0 0.06875 0.1796875 0.1375 0.08125
2 0.81875 0.09296875 0.025 0.0734375
1 0.4484375 0.49296875 0.171875 0.1234375
2 0.19375 0.753125 0.03125 0.01875