1 0.50078125 0.70546875 0.9765625 0.1015625
1 0.259375 0.35625 0.0875 0.7125
2 0.6203125 0.71953125 0.15625 0.0421875
2 0.82734375 0.359375 0.3453125 0.703125
2 0.04921875 0.2 0.0984375 0.0375
2 0.71015625 0.7046875 0.0671875 0.040625
2 0.76328125 0.68046875 0.0578125 0.0359375
2 0.40390625 0.725 0.0515625 0.0375
2 0.25 0.61796875 0.01875 0.0421875
1 0.609375 0.9765625 0.13125 0.040625
1 0.0484375 0.45703125 0.096875 0.0734375
2 0.4734375 0.71328125 0.04375 0.0390625
1 0.95078125 0.7046875 0.0859375 0.05625
2 0.9921875 0.69921875 0.015625 0.0515625
2 0.84765625 0.86171875 0.3046875 0.2703125
2 0.2 0.68125 0.04375 0.025
1 0.88515625 0.2828125 0.0359375 0.0375
1 0.74140625 0.88125 0.0203125 0.03125
2 0.26796875 0.67421875 0.0328125 0.0421875
2 0.5140625 0.725 0.01875 0.03125
1 0.06875 0.7140625 0.125 0.04375
1 0.246875 0.32578125 0.028125 0.0546875