1 0.6296875 0.20234375 0.1375 0.4046875
1 0.32421875 0.50703125 0.2359375 0.9671875
1 0.30390625 0.52265625 0.0671875 0.3078125
1 0.5796875 0.55 0.053125 0.425
2 0.4671875 0.128125 0.11875 0.253125
2 0.2390625 0.88203125 0.078125 0.2265625
2 0.8296875 0.1875 0.340625 0.36875
2 0.78046875 0.73828125 0.4359375 0.5140625
2 0.2765625 0.69375 0.05 0.18125
2 0.3265625 0.40390625 0.03125 0.0828125
2 0.59296875 0.71796875 0.0234375 0.0921875
2 0.68125 0.05078125 0.025 0.0484375
1 0.01875 0.83515625 0.0375 0.0921875
2 0.47890625 0.15703125 0.0265625 0.0390625
2 0.8171875 0.36875 0.140625 0.09375
1 0.2125 0.9328125 0.025 0.028125
1 0.9359375 0.65 0.084375 0.08125
2 0.62421875 0.75390625 0.0453125 0.0421875