1 0.51875 0.49921875 0.09375 0.9859375
0 0.09921875 0.50390625 0.1515625 0.9671875
1 0.39140625 0.6234375 0.1015625 0.034375
2 0.49453125 0.41328125 0.0296875 0.1171875
1 0.3734375 0.95546875 0.059375 0.0828125
2 0.575 0.3359375 0.13125 0.065625
1 0.25703125 0.3921875 0.1046875 0.06875
1 0.66171875 0.9 0.0421875 0.03125
1 0.509375 0.91796875 0.034375 0.1328125
1 0.3296875 0.58125 0.028125 0.0375
1 0.9515625 0.62890625 0.071875 0.0703125
2 0.54296875 0.575 0.0296875 0.04375
1 0.36328125 0.7015625 0.0265625 0.028125