2 0.359375 0.503125 0.340625 0.975
2 0.11328125 0.58046875 0.2234375 0.0421875
2 0.49453125 0.07578125 0.0765625 0.1265625
1 0.2109375 0.9 0.040625 0.16875
1 0.34921875 0.42578125 0.1265625 0.2171875
0 0.95390625 0.5265625 0.0921875 0.940625
1 0.175 0.62578125 0.11875 0.0515625
1 0.9015625 0.56953125 0.0625 0.0234375
1 0.19296875 0.5828125 0.0296875 0.03125
0 0.74453125 0.5203125 0.1046875 0.853125
0 0.44140625 0.22578125 0.0953125 0.2015625
2 0.29375 0.5796875 0.03125 0.028125
1 0.96953125 0.11875 0.0296875 0.05625
2 0.13671875 0.76953125 0.2734375 0.4578125
1 0.3875 0.575 0.1 0.03125
1 0.75390625 0.56875 0.0515625 0.04375
2 0.1296875 0.42890625 0.25 0.3140625
1 0.25546875 0.04921875 0.1328125 0.0765625
1 0.3390625 0.9796875 0.034375 0.021875