1 0.4984375 0.4375 0.96875 0.21875
2 0.06953125 0.421875 0.1265625 0.140625
2 0.22421875 0.4796875 0.1796875 0.05625
1 0.6109375 0.49921875 0.1875 0.0671875
2 0.3640625 0.49375 0.15 0.05
2 0.29296875 0.7484375 0.5828125 0.5
2 0.97890625 0.4484375 0.0421875 0.025
2 0.46640625 0.48203125 0.0546875 0.0328125
2 0.16875 0.13203125 0.3375 0.2609375
2 0.1140625 0.46328125 0.05625 0.0328125
1 0.49921875 0.7625 0.0390625 0.03125
1 0.2359375 0.0140625 0.046875 0.028125
1 0.28671875 0.94453125 0.0328125 0.0390625
2 0.1796875 0.48046875 0.025 0.0234375
2 0.8 0.76171875 0.4 0.4265625
1 0.11640625 0.6203125 0.0578125 0.0875
1 0.13515625 0.86875 0.0234375 0.03125
1 0.19921875 0.95625 0.0359375 0.05
1 0.64765625 0.2671875 0.1109375 0.078125
1 0.3140625 0.184375 0.025 0.028125
1 0.52578125 0.1375 0.0203125 0.01875
1 0.16171875 0.71953125 0.0765625 0.0609375
1 0.0875 0.5609375 0.01875 0.03125
1 0.36796875 0.85078125 0.0203125 0.0265625
1 0.99453125 0.70078125 0.0109375 0.0328125
1 0.72421875 0.61328125 0.0421875 0.0328125