1 0.59296875 0.6109375 0.1609375 0.33125
1 0.31171875 0.246875 0.3453125 0.4125
2 0.8859375 0.75546875 0.2 0.0359375
1 0.82421875 0.84921875 0.3359375 0.2640625
2 0.2375 0.08125 0.025 0.1625
2 0.72265625 0.775 0.1171875 0.03125
1 0.5125 0.46640625 0.1 0.1671875
1 0.7671875 0.88046875 0.040625 0.1984375
2 0.65546875 0.7375 0.0484375 0.08125
2 0.28671875 0.24765625 0.1015625 0.1109375
2 0.8203125 0.54765625 0.359375 0.4609375
1 0.4921875 0.73046875 0.1375 0.0484375
1 0.79765625 0.85078125 0.0234375 0.0234375
2 0.8703125 0.76171875 0.03125 0.0171875
1 0.165625 0.08828125 0.146875 0.1734375
2 0.4578125 0.39140625 0.03125 0.0328125
2 0.60546875 0.62890625 0.0296875 0.0421875
2 0.56171875 0.55546875 0.0234375 0.0296875
2 0.7484375 0.77578125 0.015625 0.0140625
1 0.36875 0.1609375 0.01875 0.028125
2 0.5546875 0.53125 0.01875 0.025
2 0.19921875 0.84375 0.3953125 0.30625
2 0.80859375 0.16328125 0.3828125 0.3109375
1 0.61875 0.28125 0.05625 0.04375
2 0.95390625 0.759375 0.0140625 0.015625
1 0.64296875 0.3125 0.0203125 0.025
1 0.3359375 0.17265625 0.125 0.0734375
2 0.10078125 0.5515625 0.2015625 0.378125
1 0.3296875 0.55703125 0.015625 0.0203125