1 0.234375 0.20703125 0.446875 0.0765625
1 0.45703125 0.50625 0.0953125 0.975
2 0.73125 0.5875 0.51875 0.1125
2 0.51796875 0.80078125 0.0609375 0.3953125
2 0.775 0.59453125 0.1125 0.0359375
1 0.45 0.0625 0.06875 0.125
2 0.5109375 0.5484375 0.096875 0.040625
2 0.80078125 0.2875 0.3984375 0.55
2 0.63671875 0.5546875 0.0828125 0.0375
0 0.02421875 0.1859375 0.0484375 0.034375
2 0.97421875 0.59296875 0.0515625 0.0421875
2 0.5125 0.74375 0.025 0.05
2 0.33828125 0.54296875 0.3171875 0.1015625
1 0.43828125 0.94453125 0.1640625 0.1015625
2 0.44765625 0.41953125 0.0234375 0.0546875
1 0.25390625 0.4171875 0.4078125 0.1625