2 0.64375 0.15 0.10625 0.29375
1 0.27890625 0.675 0.1171875 0.64375
2 0.48828125 0.5 0.4078125 0.975
2 0.57890625 0.5484375 0.0578125 0.43125
2 0.46171875 0.11640625 0.0921875 0.2265625
2 0.60625 0.3 0.0625 0.1
2 0.5578125 0.4375 0.040625 0.08125
2 0.23203125 0.91953125 0.0546875 0.1234375
2 0.5921875 0.725 0.025 0.06875
2 0.28203125 0.690625 0.0328125 0.109375
1 0.02265625 0.83046875 0.0453125 0.0765625
2 0.846875 0.15703125 0.30625 0.3046875
2 0.596875 0.58046875 0.015625 0.0328125
1 0.30078125 0.55703125 0.0328125 0.1546875
1 0.94375 0.65 0.075 0.08125
2 0.78125 0.6515625 0.35 0.396875
2 0.1640625 0.13515625 0.325 0.2640625
2 0.75625 0.16328125 0.025 0.0203125
2 0.1296875 0.84765625 0.246875 0.3015625