1 0.58203125 0.46171875 0.1546875 0.9078125
2 0.6421875 0.11171875 0.059375 0.2203125
1 0.909375 0.6203125 0.171875 0.759375
2 0.54453125 0.68515625 0.0515625 0.1328125
2 0.5890625 0.41875 0.05 0.2125
2 0.571875 0.5875 0.034375 0.06875
2 0.49921875 0.84765625 0.0609375 0.1109375
2 0.84921875 0.6765625 0.0421875 0.04375
2 0.8609375 0.4234375 0.046875 0.134375
2 0.825 0.4859375 0.025 0.03125
2 0.53046875 0.7546875 0.0171875 0.028125
2 0.84296875 0.35390625 0.0265625 0.0234375
2 0.78671875 0.13828125 0.0671875 0.1140625
2 0.88046875 0.1625 0.2390625 0.31875
2 0.98046875 0.8671875 0.0140625 0.025
2 0.60546875 0.36640625 0.0140625 0.0265625
2 0.46796875 0.5625 0.0140625 0.025
1 0.0890625 0.6984375 0.178125 0.590625
2 0.66640625 0.61171875 0.1109375 0.0890625