1 0.5 0.1921875 0.9875 0.090625
2 0.73515625 0.215625 0.1203125 0.0375
1 0.71015625 0.93515625 0.1171875 0.0359375
0 0.24140625 0.16875 0.0859375 0.04375
1 0.26953125 0.2421875 0.0984375 0.053125
1 0.60703125 0.19921875 0.1734375 0.0484375
0 0.51796875 0.1875 0.0671875 0.025
1 0.1609375 0.45703125 0.040625 0.0328125
1 0.3234375 0.1921875 0.140625 0.040625
0 0.17265625 0.1671875 0.0640625 0.021875
1 0.41953125 0.70546875 0.1484375 0.0890625
1 0.84921875 0.9953125 0.0171875 0.009375
2 0.784375 0.2109375 0.028125 0.015625
1 0.0546875 0.13671875 0.1 0.0328125
1 0.95546875 0.446875 0.0203125 0.0375
1 0.10703125 0.28671875 0.0265625 0.0171875