2 0.06015625 0.46328125 0.0828125 0.3015625
1 0.1671875 0.77578125 0.11875 0.1609375
1 0.49375 0.09140625 0.98125 0.1328125
2 0.31875 0.91640625 0.1375 0.1390625
2 0.1 0.62890625 0.05625 0.1140625
2 0.91953125 0.09921875 0.1578125 0.0328125
1 0.028125 0.34140625 0.053125 0.0859375
1 0.23046875 0.09453125 0.1515625 0.0546875
1 0.06796875 0.06015625 0.1359375 0.0328125
2 0.05546875 0.42421875 0.0359375 0.0609375
2 0.37890625 0.95 0.0234375 0.0375
1 0.43671875 0.9625 0.1171875 0.075
1 0.15546875 0.07421875 0.0359375 0.0203125
1 0.29140625 0.1125 0.0390625 0.025
2 0.32421875 0.8171875 0.0234375 0.028125
1 0.21796875 0.09140625 0.0421875 0.0171875