2 0.87421875 0.51875 0.2421875 0.15625
1 0.50078125 0.540625 0.4265625 0.2625
1 0.16875 0.675 0.31875 0.1
2 0.6359375 0.42890625 0.196875 0.0453125
2 0.7765625 0.20546875 0.446875 0.3953125
2 0.4921875 0.4796875 0.1125 0.096875
1 0.51953125 0.62421875 0.0609375 0.1359375
2 0.1890625 0.68828125 0.071875 0.0421875
2 0.26875 0.1984375 0.5375 0.38125
2 0.5265625 0.43515625 0.065625 0.0390625
1 0.96796875 0.96328125 0.0265625 0.0359375
1 0.21796875 0.85703125 0.0296875 0.0359375
1 0.075 0.4609375 0.04375 0.084375
1 0.83203125 0.83125 0.0234375 0.0375
1 0.93671875 0.91171875 0.1078125 0.1421875
1 0.325 0.6203125 0.0875 0.1
1 0.91015625 0.83828125 0.0265625 0.0421875
1 0.79375 0.04375 0.05 0.075
2 0.22890625 0.85546875 0.4515625 0.2828125
1 0.51953125 0.22890625 0.0234375 0.0515625