1 0.47890625 0.5 0.0609375 0.30625
2 0.34921875 0.2171875 0.1140625 0.271875
2 0.503125 0.63046875 0.034375 0.0984375
2 0.18203125 0.31953125 0.3640625 0.6390625
2 0.503125 0.14375 0.20625 0.08125
2 0.55390625 0.75390625 0.1140625 0.1828125
2 0.48828125 0.5734375 0.0203125 0.05625
2 0.92578125 0.1625 0.0859375 0.025
2 0.65078125 0.91796875 0.0953125 0.1453125
0 0.08125 0.0640625 0.1625 0.128125
1 0.1609375 0.95625 0.234375 0.08125
1 0.08515625 0.99453125 0.0640625 0.0109375
1 0.2984375 0.91953125 0.04375 0.0265625
1 0.49375 0.1359375 0.025 0.0125
2 0.46875 0.40703125 0.01875 0.0453125
1 0.44140625 0.1203125 0.0515625 0.021875
2 0.79375 0.7546875 0.4125 0.490625
1 0.0046875 0.521875 0.009375 0.025