1 0.4953125 0.46953125 0.990625 0.2453125
1 0.91328125 0.5421875 0.1484375 0.121875
1 0.4734375 0.18671875 0.16875 0.0390625
1 0.68828125 0.3796875 0.1828125 0.065625
2 0.50390625 0.35546875 0.3328125 0.0296875
0 0.09765625 0.3640625 0.1796875 0.028125
1 0.9 0.2296875 0.05625 0.45
2 0.1109375 0.56640625 0.1625 0.1421875
2 0.87578125 0.51328125 0.0203125 0.0234375
2 0.76640625 0.4171875 0.0703125 0.053125
1 0.41875 0.17890625 0.03125 0.0140625
2 0.678125 0.3609375 0.053125 0.021875
2 0.73125 0.3953125 0.01875 0.01875
0 0.21875 0.36953125 0.09375 0.0171875
2 0.5796875 0.35390625 0.0375 0.0109375
2 0.61328125 0.35703125 0.0546875 0.0140625
1 0.49296875 0.19921875 0.9640625 0.2546875
2 0.09375 0.3734375 0.025 0.009375
1 0.56171875 0.08203125 0.0234375 0.0390625
1 0.503125 0.896875 0.015625 0.178125
1 0.49375 0.19375 0.025 0.0125
2 0.99140625 0.59921875 0.0171875 0.0234375
1 0.35 0.8359375 0.06875 0.04375
1 0.52421875 0.2 0.0109375 0.00625
1 0.55390625 0.1984375 0.0140625 0.009375
1 0.71015625 0.49453125 0.0171875 0.0453125