1 0.440625 0.44375 0.25 0.2625
2 0.16328125 0.24375 0.3015625 0.18125
1 0.69296875 0.65390625 0.5859375 0.3890625
2 0.09765625 0.5109375 0.1890625 0.1875
1 0.59296875 0.5828125 0.1859375 0.09375
0 0.184375 0.5734375 0.05 0.103125
2 0.04375 0.1875 0.0875 0.05625
2 0.4515625 0.51171875 0.065625 0.0390625
2 0.2875 0.30625 0.1 0.05625
2 0.8546875 0.7171875 0.153125 0.1125
1 0.95703125 0.6671875 0.0390625 0.0375
2 0.93828125 0.77421875 0.0609375 0.0671875
2 0.20078125 0.75 0.4015625 0.48125
1 0.98515625 0.68203125 0.0265625 0.0265625
2 0.175 0.24375 0.1375 0.0375
2 0.0375 0.46953125 0.05 0.0359375