2 0.353125 0.484375 0.596875 0.946875
1 0.6125 0.84375 0.1 0.3
2 0.384375 0.23203125 0.128125 0.2296875
2 0.575 0.3875 0.1375 0.1
1 0.25625 0.10390625 0.2875 0.2046875
2 0.55 0.59375 0.10625 0.35
2 0.8 0.22421875 0.4 0.4296875
2 0.2125 0.06875 0.05 0.025
2 0.34453125 0.15390625 0.0234375 0.0453125
2 0.84609375 0.690625 0.3078125 0.5875
2 0.5203125 0.42890625 0.053125 0.0515625
2 0.28515625 0.0859375 0.0296875 0.028125
2 0.1359375 0.4046875 0.24375 0.246875
2 0.58046875 0.7140625 0.0296875 0.078125
2 0.63203125 0.9171875 0.0359375 0.075
2 0.65 0.97421875 0.0375 0.0515625