1 0.35625 0.56171875 0.55 0.2296875
1 0.6234375 0.425 0.23125 0.225
2 0.84140625 0.33125 0.2828125 0.05625
1 0.065625 0.67578125 0.115625 0.0640625
2 0.778125 0.16796875 0.44375 0.3359375
2 0.78203125 0.33515625 0.0609375 0.0234375
2 0.32265625 0.625 0.0671875 0.04375
2 0.203125 0.17421875 0.40625 0.3421875
2 0.26328125 0.64453125 0.0421875 0.0203125
1 0.07265625 0.94765625 0.0546875 0.0734375
1 0.64453125 0.45625 0.0640625 0.08125
2 0.97421875 0.33046875 0.0515625 0.0265625
1 0.9796875 0.51171875 0.0375 0.0203125
2 0.46796875 0.5171875 0.0484375 0.028125
0 0.67421875 0.33046875 0.0921875 0.0484375
2 0.91953125 0.31875 0.0421875 0.01875
1 0.71015625 0.61875 0.0203125 0.03125
2 0.01015625 0.7078125 0.0203125 0.034375
1 0.7171875 0.0234375 0.05625 0.046875
1 0.596875 0.53203125 0.046875 0.0484375
2 0.4015625 0.81875 0.803125 0.35
2 0.89375 0.440625 0.19375 0.203125
1 0.41328125 0.43828125 0.0390625 0.0671875
1 0.0734375 0.4875 0.015625 0.025
1 0.50546875 0.99296875 0.0296875 0.0140625
1 0.96328125 0.97890625 0.0328125 0.0390625