1 0.4890625 0.446875 0.965625 0.20625
2 0.86875 0.41875 0.23125 0.08125
2 0.05703125 0.4125 0.1109375 0.13125
1 0.62578125 0.51796875 0.2140625 0.1265625
2 0.75625 0.43671875 0.06875 0.0578125
2 0.19765625 0.7421875 0.3953125 0.50625
2 0.75859375 0.74921875 0.4828125 0.4921875
2 0.034375 0.503125 0.06875 0.078125
2 0.40546875 0.51171875 0.0546875 0.0359375
2 0.84453125 0.1953125 0.3109375 0.38125
2 0.96875 0.44453125 0.0625 0.0484375
2 0.40625 0.19375 0.60625 0.3875
1 0.11796875 0.59375 0.0890625 0.1375
1 0.2359375 0.0140625 0.046875 0.028125
2 0.79921875 0.4046875 0.0390625 0.03125
1 0.21875 0.1109375 0.04375 0.06875
1 0.49765625 0.76171875 0.0421875 0.0328125
1 0.08828125 0.56171875 0.0203125 0.0359375
1 0.84375 0.9 0.1 0.1
2 0.09375 0.50078125 0.03125 0.0796875
1 0.98125 0.33203125 0.0375 0.0421875
1 0.13515625 0.865625 0.0328125 0.040625
1 0.44921875 0.2703125 0.0328125 0.03125
1 0.28671875 0.94453125 0.0296875 0.0359375
1 0.675 0.2640625 0.11875 0.08125
1 0.3234375 0.378125 0.13125 0.090625