2 0.90625 0.7875 0.15625 0.225
2 0.68828125 0.55078125 0.1390625 0.1796875
2 0.43828125 0.25546875 0.1234375 0.1328125
2 0.52578125 0.3640625 0.1453125 0.215625
2 0.815625 0.7015625 0.1125 0.11875
2 0.9796875 0.85078125 0.034375 0.0921875
2 0.61328125 0.46171875 0.0515625 0.0609375
2 0.878125 0.75 0.040625 0.05625
2 0.18125 0.22265625 0.35625 0.4421875
2 0.4296875 0.2421875 0.025 0.034375
2 0.94921875 0.82578125 0.0453125 0.0671875
2 0.99609375 0.88671875 0.0078125 0.0265625
2 0.18125 0.72265625 0.3625 0.5234375