1 0.15859375 0.740625 0.3171875 0.165625
1 0.36953125 0.6546875 0.3015625 0.23125
1 0.87578125 0.215625 0.1015625 0.36875
1 0.90546875 0.78671875 0.1484375 0.4265625
1 0.70625 0.55078125 0.30625 0.1578125
1 0.525 0.58515625 0.1625 0.0609375
1 0.484375 0.42265625 0.959375 0.8390625
2 0.671875 0.61015625 0.128125 0.0296875
2 0.56875 0.04296875 0.025 0.0796875
1 0.94296875 0.89453125 0.0265625 0.1859375
1 0.04296875 0.79375 0.0765625 0.05
0 0.79453125 0.25703125 0.0984375 0.2046875
1 0.85078125 0.634375 0.0671875 0.10625
2 0.35625 0.58828125 0.06875 0.0765625
2 0.77578125 0.58828125 0.0890625 0.0515625
1 0.43515625 0.44375 0.0765625 0.01875
1 0.2546875 0.71796875 0.071875 0.0703125
1 0.84375 0.51171875 0.05 0.1265625
2 0.84453125 0.065625 0.0484375 0.025
2 0.9640625 0.76796875 0.06875 0.0296875
2 0.59765625 0.60703125 0.0421875 0.0140625
2 0.83203125 0.321875 0.0203125 0.065625
1 0.44921875 0.4984375 0.1890625 0.128125
0 0.06875 0.175 0.13125 0.06875