1 0.3765625 0.13828125 0.171875 0.2765625
1 0.51328125 0.40546875 0.0578125 0.2640625
1 0.75 0.9046875 0.09375 0.15
2 0.4125 0.25703125 0.11875 0.0359375
1 0.54296875 0.06328125 0.2578125 0.0859375
2 0.5171875 0.41875 0.021875 0.0625
2 0.1625 0.15 0.31875 0.3
1 0.59765625 0.67578125 0.1078125 0.1671875
1 0.03671875 0.92421875 0.0671875 0.0203125
2 0.68515625 0.78125 0.0703125 0.1125
2 0.22578125 0.8515625 0.4515625 0.134375
1 0.8484375 0.94453125 0.090625 0.0578125
2 0.5125 0.36640625 0.01875 0.0453125
2 0.71796875 0.82421875 0.0296875 0.0609375
1 0.3453125 0.8421875 0.06875 0.021875
1 0.5359375 0.05390625 0.0375 0.0140625
1 0.48515625 0.04296875 0.0578125 0.0203125
1 0.66328125 0.09375 0.0265625 0.01875
1 0.5796875 0.06328125 0.03125 0.0203125