1 0.69140625 0.55078125 0.6171875 0.0859375
1 0.37265625 0.51171875 0.0921875 0.9390625
2 0.18671875 0.30859375 0.3640625 0.6171875
2 0.83359375 0.26875 0.3328125 0.525
2 0.4 0.575 0.075 0.03125
1 0.36328125 0.4578125 0.0390625 0.21875
1 0.61171875 0.16015625 0.1796875 0.0609375
1 0.7734375 0.7015625 0.125 0.1125
1 0.5359375 0.40625 0.1625 0.10625
1 0.6046875 0.71796875 0.0625 0.0578125
1 0.95546875 0.54140625 0.0890625 0.0453125
0 0.7 0.57578125 0.05 0.0265625
0 0.35546875 0.89375 0.0421875 0.175
2 0.16640625 0.825 0.3328125 0.35
1 0.7375 0.3734375 0.10625 0.08125
1 0.9375 0.72421875 0.1125 0.1171875
1 0.85 0.14453125 0.03125 0.0203125
1 0.2296875 0.07578125 0.028125 0.0328125
1 0.29375 0.5546875 0.14375 0.128125
2 0.00625 0.13828125 0.0125 0.0171875
1 0.04921875 0.61015625 0.0359375 0.0390625
1 0.0140625 0.04296875 0.028125 0.0453125
1 0.34921875 0.240625 0.0171875 0.01875