1 0.50078125 0.2171875 0.9828125 0.3625
2 0.94609375 0.16796875 0.1078125 0.2359375
2 0.16875 0.09296875 0.13125 0.1578125
2 0.34765625 0.35703125 0.1359375 0.0609375
2 0.8703125 0.3234375 0.209375 0.125
2 0.7046875 0.38125 0.125 0.0375
2 0.53046875 0.38125 0.1703125 0.0375
2 0.08671875 0.19921875 0.1578125 0.1015625
2 0.92265625 0.24453125 0.0359375 0.0359375
1 0.49375 0.0140625 0.98125 0.028125
2 0.3015625 0.70390625 0.603125 0.5703125
2 0.77421875 0.68046875 0.4515625 0.6359375
2 0.63125 0.3703125 0.03125 0.05
1 0.99453125 0.534375 0.0109375 0.04375
2 0.20390625 0.25390625 0.0578125 0.1015625
1 0.8296875 0.94375 0.021875 0.01875
1 0.01796875 0.5875 0.0234375 0.0375
1 0.571875 0.69296875 0.015625 0.0265625
1 0.6421875 0.496875 0.015625 0.040625
1 0.33203125 0.59140625 0.0421875 0.0578125
1 0.15625 0.6328125 0.025 0.021875
1 0.91328125 0.6671875 0.0140625 0.028125
1 0.31953125 0.82265625 0.0203125 0.0203125
1 0.3046875 0.01796875 0.046875 0.0203125
1 0.1640625 0.80078125 0.08125 0.0890625
1 0.50390625 0.86640625 0.0171875 0.0234375
1 0.41640625 0.8875 0.0203125 0.03125