1 0.18671875 0.62578125 0.3484375 0.1578125
1 0.47421875 0.55078125 0.2703125 0.1265625
2 0.728125 0.425 0.528125 0.25625
2 0.321875 0.62421875 0.053125 0.0359375
2 0.84765625 0.3234375 0.1609375 0.028125
2 0.61875 0.49296875 0.1 0.0796875
0 0.6796875 0.37265625 0.125 0.1046875
2 0.65625 0.44375 0.04375 0.05625
2 0.26328125 0.64453125 0.0453125 0.0203125
2 0.95390625 0.325 0.0890625 0.0375
2 0.18515625 0.61328125 0.0390625 0.0171875
2 0.78671875 0.175 0.4234375 0.33125
1 0.06796875 0.946875 0.0546875 0.0625
1 0.075 0.66640625 0.0625 0.0234375
2 0.01015625 0.71015625 0.0203125 0.0296875