1 0.46875 0.64765625 0.9375 0.3015625
2 0.35 0.1125 0.2125 0.225
1 0.1125 0.53125 0.225 0.05
1 0.91328125 0.85390625 0.0890625 0.2609375
2 0.13046875 0.2796875 0.2609375 0.540625
1 0.20078125 0.36171875 0.0484375 0.2671875
1 0.53203125 0.62421875 0.2078125 0.0921875
1 0.74296875 0.68828125 0.2421875 0.1046875
2 0.04453125 0.54375 0.0546875 0.01875
1 0.90546875 0.3 0.0265625 0.16875
2 0.1625 0.52890625 0.04375 0.0203125
1 0.96015625 0.26015625 0.0796875 0.1890625
1 0.83125 0.34296875 0.3375 0.4359375
1 0.83125 0.42421875 0.04375 0.0328125