2 0.3875 0.16796875 0.11875 0.2828125
2 0.25234375 0.86328125 0.5046875 0.2109375
1 0.68125 0.8890625 0.09375 0.190625
2 0.5265625 0.10625 0.203125 0.08125
2 0.53125 0.565625 0.04375 0.140625
2 0.50546875 0.42890625 0.0546875 0.2578125
2 0.07734375 0.10078125 0.1546875 0.1890625
1 0.08671875 0.92578125 0.1515625 0.0671875
2 0.56953125 0.66875 0.0890625 0.2
1 0.92578125 0.12890625 0.0921875 0.0296875
2 0.66328125 0.81015625 0.0234375 0.0390625
1 0.759375 0.94296875 0.09375 0.0921875
1 0.21953125 0.96953125 0.0328125 0.0140625
1 0.62890625 0.775 0.0890625 0.1375
2 0.475 0.0875 0.04375 0.01875
1 0.51953125 0.1 0.0265625 0.0125
2 0.7921875 0.0828125 0.415625 0.165625
1 0.61953125 0.13515625 0.0234375 0.0203125
1 0.87578125 0.9296875 0.1828125 0.103125
2 0.5546875 0.10703125 0.03125 0.0203125