2 0.21640625 0.26171875 0.4078125 0.2390625
2 0.79765625 0.20078125 0.4015625 0.3796875
2 0.34453125 0.35625 0.1078125 0.05625
2 0.64296875 0.38046875 0.2203125 0.0359375
2 0.4484375 0.371875 0.13125 0.03125
2 0.18515625 0.0875 0.1046875 0.14375
2 0.3 0.575 0.31875 0.1625
2 0.2625 0.3125 0.0875 0.05625
2 0.88125 0.31796875 0.14375 0.1046875
1 0.4875 0.0140625 0.94375 0.028125
2 0.5984375 0.3875 0.040625 0.01875
2 0.9625 0.13671875 0.075 0.1671875
2 0.51796875 0.3859375 0.0640625 0.021875
1 0.01640625 0.58828125 0.0328125 0.0453125
1 0.33125 0.59296875 0.04375 0.0546875