1 0.32578125 0.48671875 0.0703125 0.9671875
1 0.31953125 0.90625 0.0421875 0.1625
2 0.92421875 0.3859375 0.1359375 0.24375
2 0.31953125 0.4921875 0.0265625 0.08125
2 0.809375 0.4953125 0.38125 0.984375
2 0.3046875 0.6546875 0.028125 0.18125
1 0.33203125 0.11015625 0.0296875 0.2203125
2 0.31640625 0.865625 0.0140625 0.021875
2 0.3015625 0.82890625 0.01875 0.0265625
2 0.33046875 0.41328125 0.0265625 0.1296875
1 0.49296875 0.96796875 0.2078125 0.0421875
1 0.51875 0.13046875 0.025 0.0296875
1 0.76171875 0.83671875 0.0234375 0.0421875
2 0.15703125 0.7109375 0.3046875 0.578125
2 0.51015625 0.8234375 0.4015625 0.34375
1 0.3625 0.67265625 0.03125 0.0703125
1 0.7359375 0.9234375 0.09375 0.140625
1 0.2625 0.96796875 0.0625 0.0578125
1 0.875 0.58046875 0.08125 0.0953125
2 0.17421875 0.12734375 0.3234375 0.2546875