2 0.49765625 0.4578125 0.9796875 0.3875
2 0.81015625 0.32265625 0.2421875 0.0828125
2 0.11875 0.61328125 0.21875 0.0921875
2 0.58046875 0.43125 0.2078125 0.14375
2 0.31640625 0.61171875 0.1484375 0.0296875
2 0.94296875 0.32265625 0.0890625 0.0515625
2 0.73828125 0.1625 0.5234375 0.325
2 0.6921875 0.359375 0.04375 0.04375
2 0.39765625 0.5875 0.0703125 0.0625
2 0.315625 0.79921875 0.63125 0.3953125
1 0.415625 0.65 0.059375 0.075
1 0.48515625 0.496875 0.0390625 0.028125
2 0.06171875 0.6125 0.0421875 0.04375
2 0.18125 0.16328125 0.3625 0.3171875
2 0.9671875 0.37265625 0.046875 0.0703125
1 0.99375 0.6828125 0.0125 0.040625
2 0.22578125 0.59765625 0.0328125 0.0265625
2 0.75078125 0.3015625 0.0234375 0.021875
1 0.16640625 0.95 0.0609375 0.04375