1 0.36953125 0.86640625 0.2140625 0.2640625
2 0.4546875 0.11328125 0.1 0.2140625
1 0.5359375 0.34453125 0.10625 0.2046875
1 0.3125 0.5046875 0.59375 0.978125
2 0.55625 0.51640625 0.05625 0.1484375
1 0.48125 0.66171875 0.16875 0.3015625
2 0.778125 0.3125 0.44375 0.60625
2 0.52265625 0.61015625 0.0203125 0.0546875
2 0.43125 0.23828125 0.05 0.0578125
1 0.14453125 0.7703125 0.0390625 0.075
1 0.38046875 0.85 0.0546875 0.05
2 0.31875 0.9125 0.025 0.0375
2 0.43515625 0.78515625 0.0296875 0.0546875
2 0.4109375 0.2109375 0.021875 0.0375
1 0.29140625 0.95625 0.0609375 0.06875
1 0.59296875 0.73203125 0.0359375 0.0359375
2 0.58125 0.41171875 0.025 0.0390625
1 0.3234375 0.540625 0.059375 0.028125
2 0.421875 0.16953125 0.01875 0.0234375
1 0.8875 0.06171875 0.05625 0.0796875
2 0.734375 0.84296875 0.53125 0.3140625
2 0.534375 0.5671875 0.01875 0.028125
2 0.53125 0.32890625 0.01875 0.0296875
1 0.38203125 0.671875 0.1203125 0.04375
2 0.45390625 0.4984375 0.0203125 0.03125
1 0.07578125 0.41640625 0.0203125 0.0203125
1 0.29765625 0.95 0.0171875 0.01875
1 0.92421875 0.5890625 0.0296875 0.021875
1 0.61171875 0.16875 0.0265625 0.04375