2 0.85703125 0.36796875 0.2703125 0.1953125
1 0.534375 0.71328125 0.15 0.5421875
2 0.39453125 0.30625 0.2328125 0.09375
1 0.2984375 0.49453125 0.584375 0.0765625
2 0.37890625 0.5171875 0.1234375 0.025
1 0.50625 0.89765625 0.04375 0.1765625
0 0.6203125 0.409375 0.06875 0.10625
1 0.55 0.47578125 0.10625 0.0484375
1 0.46953125 0.7703125 0.0328125 0.21875
1 0.10546875 0.96171875 0.2015625 0.0765625
2 0.45625 0.50625 0.05 0.01875
1 0.18671875 0.99609375 0.0328125 0.0078125
2 0.50078125 0.62265625 0.0484375 0.1609375
2 0.184375 0.74140625 0.36875 0.5078125
1 0.93828125 0.88671875 0.0890625 0.1984375
1 0.56953125 0.0140625 0.1484375 0.028125
2 0.86875 0.29921875 0.04375 0.0203125
1 0.97578125 0.1953125 0.0390625 0.03125
2 0.703125 0.16875 0.59375 0.3375
1 0.03046875 0.99375 0.0609375 0.0125
2 0.93125 0.31875 0.025 0.025
2 0.84375 0.70078125 0.3125 0.5796875