2 0.071875 0.46015625 0.13125 0.0703125
2 0.22578125 0.49453125 0.1484375 0.0390625
2 0.75390625 0.7578125 0.4921875 0.475
2 0.28125 0.23125 0.5625 0.45
2 0.8640625 0.23828125 0.271875 0.4640625
2 0.84921875 0.53125 0.0328125 0.0375
2 0.9921875 0.43046875 0.015625 0.0421875
1 0.59296875 0.065625 0.0578125 0.103125
1 0.0421875 0.94296875 0.078125 0.1046875
2 0.95625 0.48125 0.025 0.0125
1 0.8296875 0.45625 0.046875 0.08125
2 0.14375 0.75 0.2875 0.49375
1 0.93203125 0.9359375 0.0203125 0.03125
1 0.37578125 0.93125 0.1859375 0.1125
2 0.9921875 0.22265625 0.015625 0.0890625