2 0.35 0.88671875 0.16875 0.2078125
2 0.52890625 0.34375 0.1296875 0.23125
2 0.45546875 0.1125 0.1015625 0.2
2 0.4109375 0.50703125 0.38125 0.9609375
2 0.55 0.53203125 0.05625 0.1234375
2 0.13125 0.7046875 0.10625 0.20625
2 0.83125 0.21328125 0.3375 0.4078125
2 0.49140625 0.69375 0.1109375 0.1625
2 0.51953125 0.61171875 0.0265625 0.0734375
2 0.48828125 0.034375 0.0296875 0.05625
2 0.58125 0.41640625 0.03125 0.0609375
2 0.2875 0.9515625 0.05625 0.0625
1 0.43125 0.78125 0.03125 0.0625
2 0.11640625 0.134375 0.2328125 0.265625
2 0.80625 0.70546875 0.3875 0.5859375
2 0.4625 0.284375 0.0375 0.04375
2 0.41953125 0.18046875 0.0234375 0.0390625
2 0.31953125 0.9125 0.0296875 0.04375
1 0.1375 0.74765625 0.0375 0.0578125
1 0.08125 0.43203125 0.0375 0.0578125
2 0.5625 0.46328125 0.01875 0.0234375
1 0.2375 0.5109375 0.1125 0.059375