0 0.79375 0.6828125 0.36875 0.190625
0 0.63828125 0.75078125 0.1359375 0.0828125
0 0.4421875 0.84921875 0.309375 0.1578125
2 0.95703125 0.06640625 0.0796875 0.1171875
0 0.22421875 0.95078125 0.2671875 0.0671875
0 0.9703125 0.603125 0.059375 0.05
0 0.7875 0.6734375 0.08125 0.071875
2 0.51015625 0.50078125 0.9390625 0.9640625
0 0.04765625 0.5125 0.0859375 0.95625
2 0.74296875 0.721875 0.0421875 0.05
1 0.325 0.32421875 0.075 0.2109375
0 0.55546875 0.78828125 0.0828125 0.0609375
0 0.93046875 0.63515625 0.0265625 0.0609375
0 0.73515625 0.83046875 0.0921875 0.2609375