1 0.815625 0.49296875 0.0375 0.9515625
2 0.53125 0.88671875 0.48125 0.2265625
1 0.26953125 0.48828125 0.0234375 0.9234375
2 0.81640625 0.44296875 0.0171875 0.0421875
2 0.16171875 0.6453125 0.0140625 0.015625
2 0.63828125 0.96171875 0.0609375 0.0515625
2 0.55703125 0.9125 0.0296875 0.03125
2 0.60078125 0.7875 0.0296875 0.04375
2 0.81875 0.32421875 0.0125 0.0203125
2 0.321875 0.85625 0.015625 0.01875
2 0.3421875 0.84375 0.0125 0.01875
2 0.51875 0.65 0.03125 0.06875
2 0.8125 0.92578125 0.01875 0.1328125
2 0.25 0.753125 0.0125 0.015625
1 0.53203125 0.41328125 0.0578125 0.0578125
2 0.2796875 0.7671875 0.01875 0.034375
1 0.7671875 0.85 0.075 0.2125
2 0.13671875 0.834375 0.1390625 0.33125
2 0.3984375 0.44921875 0.275 0.8953125
0 0.98984375 0.4640625 0.0203125 0.928125
2 0.81171875 0.64296875 0.0140625 0.0296875
2 0.7046875 0.2921875 0.2375 0.584375
2 0.96875 0.38828125 0.05625 0.2234375