0 0.909375 0.6234375 0.171875 0.10625
0 0.77421875 0.6828125 0.2359375 0.153125
1 0.5375 0.78046875 0.9 0.4140625
0 0.63515625 0.7546875 0.1171875 0.078125
1 0.228125 0.95078125 0.271875 0.0671875
2 0.4703125 0.84140625 0.225 0.1296875
2 0.94921875 0.07421875 0.0890625 0.1484375
1 0.6984375 0.91015625 0.0875 0.1796875
0 0.93125 0.6359375 0.025 0.059375
1 0.8296875 0.65625 0.04375 0.0375
2 0.91328125 0.12421875 0.0140625 0.0890625
2 0.7546875 0.66015625 0.0375 0.0546875
1 0.3265625 0.321875 0.075 0.2125
0 0.72890625 0.71796875 0.0546875 0.0484375
0 0.55390625 0.7875 0.0796875 0.05625
1 0.63046875 0.3546875 0.0890625 0.64375