1 0.62421875 0.50078125 0.0765625 0.9671875
2 0.59140625 0.909375 0.0296875 0.159375
2 0.79765625 0.94375 0.0796875 0.10625
2 0.63515625 0.16875 0.0171875 0.04375
0 0.43046875 0.5125 0.1828125 0.975
2 0.61328125 0.54453125 0.0140625 0.0359375
2 0.93046875 0.26015625 0.0734375 0.0703125
2 0.25625 0.03515625 0.025 0.0609375
2 0.64296875 0.034375 0.0171875 0.0375
2 0.63203125 0.12421875 0.0140625 0.0265625
0 0.0875 0.51015625 0.15625 0.9546875
2 0.63203125 0.26953125 0.0140625 0.0296875
0 0.85390625 0.784375 0.2078125 0.425
2 0.86328125 0.34375 0.0609375 0.09375