2 0.26953125 0.2078125 0.4921875 0.415625
0 0.68125 0.53671875 0.15 0.1265625
1 0.0484375 0.97421875 0.06875 0.0515625
1 0.8125 0.49296875 0.05625 0.9515625
2 0.403125 0.75625 0.240625 0.4875
0 0.54375 0.58125 0.10625 0.075
1 0.31875 0.9515625 0.05 0.06875
2 0.3640625 0.81875 0.0375 0.075
2 0.59921875 0.6046875 0.0328125 0.040625
2 0.8125 0.55 0.0375 0.14375
2 0.80703125 0.90546875 0.0140625 0.0390625
0 0.7296875 0.4859375 0.059375 0.04375
2 0.41640625 0.70078125 0.0328125 0.0671875
2 0.38046875 0.759375 0.0453125 0.059375
1 0.85078125 0.50703125 0.0390625 0.9546875
2 0.82265625 0.31796875 0.0203125 0.0953125
1 0.78046875 0.4796875 0.0359375 0.03125
2 0.02578125 0.990625 0.0203125 0.01875
2 0.83125 0.40625 0.0125 0.025
2 0.2375 0.1015625 0.025 0.109375
0 0.025 0.50625 0.05 0.96875
2 0.82578125 0.9625 0.0109375 0.05