2 0.575 0.68125 0.5 0.6125
2 0.31328125 0.29140625 0.0578125 0.0640625
2 0.32421875 0.34453125 0.0359375 0.0484375
2 0.69453125 0.58125 0.0390625 0.10625
1 0.721875 0.2515625 0.06875 0.078125
2 0.4875 0.6546875 0.15 0.134375
1 0.65546875 0.38125 0.0609375 0.1125
1 0.84296875 0.66953125 0.0515625 0.0546875
2 0.29140625 0.3328125 0.0265625 0.04375
1 0.36875 0.5140625 0.04375 0.0625
2 0.16875 0.4875 0.0875 0.075
2 0.02265625 0.64296875 0.0390625 0.0609375
2 0.23046875 0.49453125 0.0328125 0.0328125
2 0.6984375 0.775 0.034375 0.05625
2 0.48671875 0.18515625 0.4203125 0.3421875
1 0.8546875 0.94375 0.025 0.025
1 0.4515625 0.4375 0.04375 0.0375
1 0.275 0.9796875 0.08125 0.03125
1 0.74765625 0.88046875 0.1171875 0.2203125
1 0.5375 0.3671875 0.075 0.05625
2 0.44296875 0.57890625 0.0296875 0.0390625
1 0.9796875 0.44921875 0.040625 0.0765625
1 0.8703125 0.64296875 0.040625 0.0296875
1 0.91328125 0.9546875 0.1515625 0.084375
2 0.2 0.18046875 0.03125 0.0328125
2 0.175 0.14765625 0.025 0.0265625
2 0.56015625 0.04296875 0.0578125 0.0453125