1 0.546875 0.50078125 0.1875 0.9703125
1 0.28515625 0.5171875 0.1421875 0.965625
2 0.49765625 0.12421875 0.0703125 0.2328125
2 0.81328125 0.03515625 0.0453125 0.0703125
1 0.61328125 0.80546875 0.0421875 0.3671875
2 0.60078125 0.55390625 0.0453125 0.1953125
2 0.9578125 0.08828125 0.084375 0.1640625
2 0.54140625 0.29765625 0.0328125 0.0734375
2 0.28828125 0.38671875 0.0265625 0.0484375
1 0.28125 0.91796875 0.0375 0.0265625
2 0.5984375 0.47421875 0.01875 0.0359375
1 0.27578125 0.06796875 0.0765625 0.1328125
2 0.62578125 0.8125 0.0171875 0.03125