2 0.8265625 0.4671875 0.346875 0.284375
2 0.1875 0.78515625 0.125 0.4296875
2 0.18046875 0.20703125 0.1390625 0.4078125
2 0.6625 0.21796875 0.36875 0.4046875
1 0.2296875 0.50078125 0.1375 0.2890625
2 0.35625 0.5734375 0.1125 0.1375
2 0.75078125 0.353125 0.1609375 0.071875
1 0.51796875 0.04921875 0.1078125 0.0984375
2 0.50546875 0.72421875 0.6203125 0.5484375
2 0.23828125 0.56953125 0.0484375 0.0671875
2 0.9875 0.44921875 0.025 0.0328125
2 0.6796875 0.42421875 0.053125 0.1265625
0 0.4390625 0.3359375 0.196875 0.10625
2 0.09375 0.54375 0.1875 0.38125
1 0.021875 0.31875 0.040625 0.05
1 0.88046875 0.5625 0.0359375 0.05625
1 0.64765625 0.71953125 0.1578125 0.1921875
2 0.14765625 0.82421875 0.0296875 0.0484375