2 0.0921875 0.359375 0.184375 0.209375
1 0.42578125 0.4875 0.3015625 0.2125
2 0.7484375 0.6 0.4875 0.1875
2 0.303125 0.1921875 0.60625 0.36875
2 0.0375 0.49921875 0.05625 0.0328125
2 0.3078125 0.38203125 0.065625 0.0328125
2 0.40625 0.48671875 0.05625 0.0421875
2 0.246875 0.74375 0.49375 0.45625
2 0.87265625 0.8015625 0.2453125 0.34375
2 0.14765625 0.41171875 0.0609375 0.0390625
2 0.63828125 0.34375 0.3515625 0.26875
2 0.9734375 0.68125 0.053125 0.0625
2 0.10546875 0.34765625 0.0484375 0.0484375
2 0.2484375 0.384375 0.071875 0.034375
1 0.5109375 0.63046875 0.171875 0.0890625
2 0.8171875 0.1609375 0.365625 0.296875
2 0.53203125 0.54375 0.0359375 0.03125
1 0.49453125 0.3484375 0.0484375 0.084375
1 0.56796875 0.0421875 0.0421875 0.05
1 0.7359375 0.79453125 0.0375 0.0421875