1 0.41328125 0.5828125 0.8203125 0.39375
1 0.81953125 0.4578125 0.0515625 0.915625
1 0.13828125 0.47890625 0.2734375 0.1171875
1 0.38125 0.51953125 0.2875 0.0703125
2 0.72421875 0.74453125 0.1296875 0.0515625
2 0.53203125 0.49375 0.1328125 0.05
2 0.803125 0.525 0.040625 0.03125
1 0.5546875 0.60625 0.1 0.175
2 0.15 0.46796875 0.075 0.0421875
2 0.08828125 0.484375 0.0296875 0.021875
2 0.05625 0.45 0.03125 0.025
2 0.67578125 0.31328125 0.3046875 0.3203125
1 0.94921875 0.81875 0.0609375 0.05625
2 0.6421875 0.7046875 0.040625 0.040625
1 0.3875 0.78046875 0.09375 0.0734375