1 0.709375 0.52890625 0.58125 0.1609375
1 0.43515625 0.51953125 0.3328125 0.9609375
1 0.39921875 0.75546875 0.0484375 0.4890625
1 0.28203125 0.1390625 0.1296875 0.278125
2 0.46796875 0.58203125 0.0921875 0.0359375
1 0.33515625 0.3125 0.0828125 0.21875
2 0.9296875 0.5 0.09375 0.0625
2 0.3984375 0.7484375 0.025 0.1
2 0.5578125 0.58046875 0.08125 0.0328125
2 0.80390625 0.51875 0.0578125 0.05625
1 0.69765625 0.91796875 0.0859375 0.1328125
2 0.86015625 0.484375 0.0890625 0.05
2 0.3765625 0.971875 0.05625 0.05625
1 0.4046875 0.990625 0.028125 0.01875