2 0.52578125 0.49296875 0.9359375 0.3234375
2 0.384375 0.41328125 0.246875 0.1203125
2 0.90625 0.5484375 0.18125 0.165625
1 0.70703125 0.50390625 0.2390625 0.1078125
1 0.07890625 0.16796875 0.1390625 0.3328125
2 0.259375 0.34296875 0.16875 0.1171875
2 0.08828125 0.54453125 0.1203125 0.2140625
2 0.7375 0.19921875 0.525 0.3765625
0 0.55625 0.46796875 0.1 0.0546875
2 0.16875 0.43046875 0.175 0.1046875
2 0.87578125 0.51328125 0.0515625 0.0546875
2 0.8234375 0.7625 0.353125 0.45
2 0.046875 0.625 0.025 0.04375
1 0.31328125 0.56796875 0.0703125 0.0484375
2 0.028125 0.68828125 0.04375 0.0546875
2 0.9796875 0.6109375 0.040625 0.0625
2 0.44921875 0.44453125 0.0359375 0.0328125
2 0.9015625 0.08125 0.115625 0.14375
2 0.18359375 0.76875 0.3671875 0.41875