1 0.509375 0.5421875 0.98125 0.1375
2 0.9 0.56640625 0.19375 0.0703125
2 0.11796875 0.509375 0.2078125 0.05625
2 0.59375 0.55 0.2125 0.05625
0 0.75546875 0.575 0.1046875 0.0375
0 0.38203125 0.53828125 0.1828125 0.0546875
2 0.23046875 0.52421875 0.0921875 0.0578125
2 0.325 0.27265625 0.65 0.5234375
2 0.41015625 0.775 0.5953125 0.4375
2 0.83828125 0.54765625 0.0421875 0.0265625
2 0.8078125 0.77578125 0.384375 0.4078125
2 0.81015625 0.26953125 0.3796875 0.4734375
2 0.49453125 0.56328125 0.0265625 0.0265625