1 0.68359375 0.55 0.6328125 0.1875
1 0.38203125 0.515625 0.4140625 0.96875
1 0.359375 0.78359375 0.05 0.4328125
1 0.29921875 0.36328125 0.0984375 0.3171875
2 0.79453125 0.54921875 0.0890625 0.0921875
2 0.3609375 0.775 0.021875 0.0875
2 0.73515625 0.2578125 0.5296875 0.490625
2 0.94140625 0.53125 0.1015625 0.09375
2 0.40703125 0.59921875 0.1078125 0.0609375
2 0.39140625 0.97265625 0.0859375 0.0546875
1 0.6421875 0.94375 0.1625 0.1125
2 0.36875 0.675 0.01875 0.06875
2 0.51640625 0.6125 0.0765625 0.03125
2 0.3234375 0.42578125 0.015625 0.0296875