1 0.546875 0.54453125 0.90625 0.0953125
1 0.56953125 0.37265625 0.8453125 0.1453125
2 0.1375 0.41875 0.15625 0.09375
1 0.8546875 0.340625 0.15 0.06875
1 0.34453125 0.36953125 0.2109375 0.0515625
2 0.0796875 0.57578125 0.159375 0.0671875
2 0.7359375 0.7765625 0.528125 0.421875
2 0.19375 0.78515625 0.3875 0.4140625
1 0.97578125 0.4171875 0.0390625 0.071875
1 0.540625 0.42421875 0.10625 0.0609375
0 0.6125 0.5421875 0.0875 0.034375
2 0.7 0.5265625 0.04375 0.025
2 0.68359375 0.17578125 0.6328125 0.3359375
0 0.96796875 0.54921875 0.0484375 0.0484375
2 0.9546875 0.3046875 0.090625 0.059375
1 0.21171875 0.56015625 0.0640625 0.0390625
1 0.69296875 0.38203125 0.1140625 0.0765625
1 0.30703125 0.56796875 0.0765625 0.0265625
2 0.16875 0.17265625 0.3375 0.3328125