2 0.5125 0.70703125 0.95 0.0890625
2 0.48515625 0.9125 0.9703125 0.15
2 0.49921875 0.53671875 0.9859375 0.3296875
2 0.0703125 0.6921875 0.140625 0.046875
2 0.46875 0.6828125 0.18125 0.0375
2 0.19921875 0.67890625 0.1765625 0.0546875
2 0.74140625 0.7015625 0.0921875 0.0375
2 0.60625 0.66171875 0.13125 0.0484375
2 0.90625 0.69375 0.18125 0.04375
1 0.48046875 0.39921875 0.1140625 0.1046875
2 0.61328125 0.98203125 0.1609375 0.0296875
1 0.475 0.32265625 0.05625 0.0609375
2 0.2 0.75703125 0.05 0.1140625
1 0.18125 0.94296875 0.10625 0.0984375
2 0.78125 0.23203125 0.4375 0.4421875