1 0.51640625 0.7859375 0.9421875 0.384375
2 0.90625 0.89453125 0.15625 0.1671875
2 0.9625 0.82578125 0.075 0.0421875
2 0.06015625 0.96796875 0.0578125 0.0578125
2 0.4546875 0.63515625 0.040625 0.0609375
2 0.82421875 0.33828125 0.3515625 0.6640625
1 0.565625 0.98046875 0.79375 0.0390625
1 0.45 0.50703125 0.03125 0.0515625
2 0.11875 0.3515625 0.2375 0.478125
1 0.04453125 0.40078125 0.0171875 0.0296875
2 0.42421875 0.4109375 0.4859375 0.390625
1 0.6625 0.14765625 0.025 0.0359375
1 0.39453125 0.7765625 0.1328125 0.0875
1 0.58046875 0.54765625 0.0203125 0.0328125