2 0.1375 0.82890625 0.24375 0.3421875
2 0.82578125 0.796875 0.3484375 0.340625
2 0.46875 0.56953125 0.39375 0.1265625
2 0.734375 0.3296875 0.53125 0.65625
2 0.16015625 0.28671875 0.3203125 0.5578125
2 0.2046875 0.73828125 0.04375 0.0578125
1 0.9375 0.94296875 0.0875 0.1046875
1 0.46796875 0.5171875 0.0234375 0.05
1 0.66171875 0.90390625 0.0234375 0.0390625
1 0.61171875 0.55625 0.0203125 0.0375
1 0.96953125 0.20703125 0.0515625 0.0828125
1 0.96171875 0.37578125 0.0296875 0.0234375
1 0.5359375 0.4046875 0.021875 0.040625
1 0.03203125 0.3984375 0.0171875 0.03125
1 0.46171875 0.8484375 0.0390625 0.059375
1 0.7 0.1234375 0.025 0.0375
1 0.7859375 0.42421875 0.046875 0.0609375
1 0.4296875 0.81640625 0.0375 0.0421875