2 0.23125 0.53046875 0.425 0.1609375
2 0.76953125 0.44296875 0.4015625 0.0984375
2 0.20390625 0.28203125 0.3984375 0.0921875
2 0.69296875 0.2375 0.6140625 0.45625
2 0.4171875 0.48203125 0.153125 0.0578125
2 0.5625 0.47890625 0.1625 0.0484375
1 0.05625 0.540625 0.10625 0.075
2 0.665625 0.7171875 0.66875 0.5375
2 0.69375 0.46953125 0.05 0.0265625
2 0.90078125 0.409375 0.1140625 0.034375
1 0.9671875 0.2 0.05 0.05
2 0.29140625 0.04765625 0.2453125 0.0953125
2 0.0984375 0.69375 0.196875 0.23125
1 0.91875 0.78125 0.1625 0.13125
1 0.68125 0.04375 0.15 0.08125
1 0.48203125 0.25 0.0640625 0.05
1 0.753125 0.01796875 0.04375 0.0234375
1 0.88125 0.71796875 0.03125 0.0484375
1 0.56875 0.0203125 0.11875 0.040625
1 0.61640625 0.80703125 0.0234375 0.0296875
1 0.1265625 0.728125 0.05625 0.0625
1 0.109375 0.8078125 0.05625 0.05
1 0.4859375 0.625 0.08125 0.08125
1 0.82578125 0.2421875 0.0359375 0.025