1 0.49375 0.50625 0.98125 0.16875
2 0.3046875 0.76015625 0.584375 0.4640625
1 0.61875 0.56015625 0.23125 0.0484375
2 0.21015625 0.17421875 0.4203125 0.3453125
1 0.98125 0.84453125 0.025 0.0359375
1 0.7390625 0.35546875 0.075 0.0515625
1 0.83125 0.38515625 0.0375 0.0359375
1 0.10078125 0.44296875 0.2015625 0.0953125
1 0.0171875 0.4375 0.034375 0.05
1 0.85546875 0.11015625 0.0609375 0.0546875
1 0.31015625 0.25703125 0.1140625 0.0734375
1 0.3953125 0.4625 0.103125 0.075
1 0.725 0.57890625 0.0375 0.0296875