2 0.49375 0.7046875 0.9625 0.075
2 0.46328125 0.68203125 0.1921875 0.0390625
2 0.1 0.69375 0.18125 0.0375
2 0.64140625 0.67578125 0.1203125 0.0515625
2 0.74453125 0.7046875 0.0828125 0.034375
2 0.48671875 0.9578125 0.9671875 0.075
2 0.3125 0.68125 0.1125 0.03125
2 0.296875 0.34453125 0.59375 0.6734375
2 0.76875 0.34140625 0.4625 0.6640625
2 0.9109375 0.69296875 0.159375 0.0421875
2 0.2015625 0.7609375 0.046875 0.121875
1 0.49296875 0.39375 0.1296875 0.1375
1 0.48515625 0.3171875 0.0484375 0.059375