1 0.38203125 0.31953125 0.1828125 0.2328125
2 0.69296875 0.540625 0.2234375 0.184375
1 0.1359375 0.5875 0.25625 0.2375
2 0.86875 0.66015625 0.24375 0.1546875
2 0.58515625 0.16875 0.3484375 0.325
2 0.49921875 0.259375 0.0515625 0.0375
2 0.88671875 0.64375 0.0484375 0.0375
2 0.03203125 0.66875 0.0578125 0.05
2 0.4234375 0.28203125 0.040625 0.0390625
2 0.84140625 0.625 0.0609375 0.0375
2 0.16171875 0.55390625 0.0546875 0.0453125
2 0.52265625 0.4421875 0.0328125 0.025
2 0.14765625 0.20078125 0.2953125 0.3671875
1 0.503125 0.86640625 0.375 0.2671875
0 0.44296875 0.0875 0.0421875 0.15625
2 0.615625 0.40625 0.025 0.0375
1 0.4875 0.56796875 0.05625 0.0578125
1 0.04375 0.50390625 0.0875 0.0640625