1 0.49375 0.259375 0.975 0.1
2 0.86953125 0.2375 0.1921875 0.05
0 0.06015625 0.28125 0.1046875 0.03125
2 0.3296875 0.29140625 0.08125 0.0234375
2 0.5296875 0.25625 0.06875 0.03125
0 0.41953125 0.29296875 0.0953125 0.0265625
2 0.7125 0.2375 0.05 0.01875
2 0.81875 0.25390625 0.0375 0.0171875
0 0.1484375 0.28046875 0.109375 0.0203125
2 0.28125 0.6296875 0.5625 0.734375
2 0.47890625 0.56796875 0.1671875 0.0609375
1 0.11875 0.97109375 0.1 0.0578125
2 0.59296875 0.11953125 0.5078125 0.2390625
2 0.28671875 0.2671875 0.0234375 0.03125
1 0.9328125 0.125 0.121875 0.19375
1 0.0875 0.98125 0.01875 0.03125
1 0.80078125 0.84375 0.0171875 0.0125