2 0.56015625 0.44453125 0.8390625 0.2734375
1 0.06953125 0.49921875 0.0390625 0.9609375
2 0.49375 0.3953125 0.29375 0.075
2 0.85078125 0.57421875 0.0984375 0.0265625
2 0.89453125 0.8 0.1671875 0.175
2 0.80703125 0.56015625 0.3390625 0.0796875
2 0.81328125 0.86875 0.0484375 0.225
2 0.9515625 0.159375 0.090625 0.315625
2 0.51171875 0.4171875 0.0703125 0.025
2 0.64375 0.44453125 0.05625 0.0453125
2 0.23515625 0.2109375 0.3234375 0.409375
2 0.7640625 0.5859375 0.05625 0.021875
2 0.6125 0.7765625 0.40625 0.440625
1 0.77421875 0.6296875 0.0296875 0.046875
2 0.21796875 0.784375 0.3203125 0.43125
2 0.65078125 0.56171875 0.0296875 0.0265625
2 0.925 0.08828125 0.03125 0.0390625
1 0.96875 0.55546875 0.0625 0.0546875
2 0.86015625 0.68203125 0.0515625 0.0203125
1 0.88828125 0.48125 0.0265625 0.2625
2 0.16796875 0.18515625 0.0234375 0.0203125
2 0.065625 0.03046875 0.025 0.0609375
2 0.83828125 0.6234375 0.0328125 0.028125