1 0.3046875 0.396875 0.10625 0.79375
1 0.54375 0.90625 0.4125 0.16875
2 0.30703125 0.39921875 0.0328125 0.1546875
2 0.32421875 0.60625 0.0296875 0.15
2 0.45 0.89140625 0.1 0.0484375
2 0.33671875 0.75625 0.0390625 0.11875
2 0.39453125 0.8546875 0.0640625 0.06875
2 0.66875 0.9609375 0.1 0.040625
2 0.34765625 0.82265625 0.0296875 0.0421875
1 0.3171875 0.090625 0.028125 0.18125
2 0.81640625 0.49765625 0.3671875 0.9859375
2 0.73671875 0.99296875 0.0328125 0.0140625
2 0.3234375 0.63046875 0.0125 0.0265625
2 0.30703125 0.2703125 0.0109375 0.01875
1 0.11875 0.571875 0.1875 0.846875