1 0.46640625 0.4984375 0.0765625 0.98125
2 0.73984375 0.50078125 0.5203125 0.9890625
1 0.45703125 0.5125 0.0328125 0.21875
1 0.25390625 0.31875 0.1640625 0.6375
0 0.12421875 0.503125 0.1671875 0.953125
2 0.45625 0.67890625 0.025 0.1515625
1 0.44765625 0.93203125 0.0328125 0.1109375
2 0.46328125 0.62578125 0.0203125 0.0234375
2 0.48203125 0.23125 0.0484375 0.10625
2 0.45546875 0.8125 0.0328125 0.06875
1 0.02890625 0.4875 0.0515625 0.9625
1 0.91953125 0.98046875 0.0640625 0.0390625
2 0.45703125 0.465625 0.0109375 0.021875