2 0.62890625 0.11328125 0.2265625 0.2265625
1 0.20078125 0.53203125 0.3578125 0.4046875
1 0.4375 0.27421875 0.13125 0.1046875
2 0.18046875 0.53203125 0.1359375 0.1015625
2 0.3359375 0.3609375 0.109375 0.10625
2 0.51171875 0.22265625 0.1046875 0.0828125
2 0.82890625 0.246875 0.3421875 0.446875
2 0.11953125 0.57578125 0.0453125 0.0578125
2 0.24375 0.46875 0.0375 0.04375
2 0.771875 0.70703125 0.45625 0.5546875
1 0.9484375 0.5984375 0.0875 0.071875
1 0.03125 0.68671875 0.0625 0.0671875
1 0.18203125 0.87578125 0.0296875 0.0265625
2 0.37890625 0.31875 0.0234375 0.025
1 0.98671875 0.603125 0.0203125 0.015625
2 0.18515625 0.525 0.0265625 0.01875
2 0.2453125 0.853125 0.490625 0.28125