1 0.540625 0.45625 0.2 0.9125
1 0.54140625 0.9 0.0859375 0.18125
2 0.2 0.87578125 0.4 0.0734375
1 0.5546875 0.67265625 0.06875 0.2453125
1 0.5734375 0.26171875 0.04375 0.4046875
1 0.57890625 0.53828125 0.0484375 0.1109375
2 0.6296875 0.7921875 0.090625 0.03125
2 0.58046875 0.45625 0.0203125 0.05625
2 0.54453125 0.77421875 0.0265625 0.0359375
2 0.55 0.6546875 0.025 0.065625
2 0.52421875 0.95625 0.0234375 0.05625
2 0.76875 0.78046875 0.43125 0.0734375
1 0.92890625 0.21328125 0.1421875 0.4234375
2 0.56640625 0.2046875 0.0234375 0.04375
2 0.16875 0.1890625 0.3375 0.378125
2 0.1375 0.69453125 0.26875 0.3703125
2 0.2859375 0.82890625 0.040625 0.0265625