1 0.5375 0.3 0.2625 0.25625
2 0.171875 0.24296875 0.290625 0.3453125
2 0.6109375 0.73125 0.484375 0.53125
1 0.43671875 0.55625 0.1421875 0.1625
2 0.846875 0.0984375 0.221875 0.18125
1 0.3484375 0.4515625 0.06875 0.128125
2 0.4375 0.33203125 0.075 0.0390625
2 0.69375 0.80546875 0.18125 0.1203125
2 0.5890625 0.72578125 0.134375 0.1578125
2 0.15703125 0.21171875 0.0484375 0.0734375
2 0.3921875 0.5109375 0.040625 0.05625
2 0.55546875 0.2671875 0.0765625 0.040625
1 0.346875 0.5875 0.090625 0.08125
2 0.509375 0.62578125 0.05625 0.0671875
2 0.60390625 0.7484375 0.0359375 0.046875
0 0.80078125 0.9125 0.0921875 0.13125
2 0.5 0.30390625 0.04375 0.0296875
2 0.01875 0.68828125 0.03125 0.0484375
2 0.19921875 0.7 0.3921875 0.53125
2 0.48515625 0.3609375 0.0296875 0.021875
2 0.62265625 0.10390625 0.2515625 0.2015625
1 0.26875 0.946875 0.28125 0.10625
1 0.77421875 0.86875 0.0140625 0.0125