1 0.5068359375 0.755859375 0.982421875 0.1875
1 0.78515625 0.2099609375 0.31640625 0.419921875
1 0.123046875 0.787109375 0.22265625 0.08203125
1 0.5634765625 0.712890625 0.185546875 0.08984375
2 0.8447265625 0.7587890625 0.302734375 0.044921875
1 0.376953125 0.72265625 0.17578125 0.09375
1 0.82421875 0.20703125 0.03125 0.25
2 0.7041015625 0.759765625 0.091796875 0.01953125
2 0.875 0.0341796875 0.03125 0.068359375
2 0.43359375 0.6796875 0.09375 0.03515625
2 0.2119140625 0.2646484375 0.423828125 0.525390625
2 0.818359375 0.2138671875 0.01171875 0.048828125
0 0.263671875 0.7705078125 0.08203125 0.037109375
2 0.6318359375 0.7490234375 0.033203125 0.025390625
2 0.853515625 0.296875 0.01953125 0.06640625
2 0.7685546875 0.7666015625 0.037109375 0.013671875
1 0.16796875 0.7646484375 0.0390625 0.017578125
2 0.7822265625 0.09375 0.041015625 0.0625