1 0.60703125 0.49453125 0.0578125 0.9796875
1 0.64140625 0.48125 0.6546875 0.9625
1 0.59296875 0.87890625 0.0234375 0.2140625
2 0.5875 0.65625 0.03125 0.1
2 0.6125 0.3 0.03125 0.15
2 0.58125 0.72265625 0.01875 0.0296875
2 0.59375 0.6 0.01875 0.0375
2 0.615625 0.45703125 0.021875 0.0484375
2 0.60703125 0.19140625 0.0265625 0.0796875
2 0.61328125 0.40703125 0.0171875 0.0609375
2 0.59921875 0.2703125 0.0140625 0.05625
1 0.1671875 0.46171875 0.053125 0.0234375
2 0.0890625 0.58203125 0.1375 0.0453125
1 0.09375 0.26640625 0.01875 0.0234375
1 0.04921875 0.675 0.0203125 0.03125
2 0.59296875 0.98984375 0.0171875 0.0203125