1 0.52265625 0.47265625 0.0734375 0.9453125
2 0.50546875 0.7125 0.0328125 0.19375
2 0.50546875 0.56640625 0.0296875 0.1390625
2 0.52578125 0.81875 0.0265625 0.1
2 0.5125 0.31328125 0.025 0.0953125
2 0.5140625 0.23828125 0.03125 0.0859375
1 0.08046875 0.34296875 0.1015625 0.6859375
2 0.50703125 0.4375 0.0359375 0.10625
1 0.36953125 0.3390625 0.1640625 0.678125
1 0.61171875 0.96171875 0.1109375 0.0734375
2 0.5 0.4984375 0.01875 0.03125
1 0.72890625 0.7625 0.3765625 0.21875
0 0.91015625 0.5203125 0.1140625 0.959375
2 0.5140625 0.61171875 0.0125 0.0328125
1 0.98046875 0.91953125 0.0328125 0.0359375