1 0.21796875 0.6484375 0.4109375 0.440625
1 0.46328125 0.4171875 0.3921875 0.428125
2 0.7609375 0.13828125 0.1625 0.1671875
1 0.07265625 0.81015625 0.1265625 0.0921875
1 0.39453125 0.46953125 0.1203125 0.1359375
1 0.234375 0.64296875 0.121875 0.1296875
2 0.46640625 0.39375 0.0890625 0.10625
2 0.325 0.54140625 0.0625 0.0609375
2 0.8421875 0.075 0.078125 0.03125
2 0.66953125 0.20703125 0.0984375 0.0515625
2 0.50625 0.34375 0.05625 0.0375
2 0.03671875 0.82890625 0.0421875 0.0265625
2 0.725 0.14921875 0.03125 0.0578125
2 0.11875 0.76953125 0.03125 0.0328125
1 0.56328125 0.6375 0.0390625 0.0375
2 0.7828125 0.775 0.434375 0.4375
1 0.15625 0.94375 0.06875 0.05
1 0.1 0.384375 0.09375 0.08125
2 0.86015625 0.3375 0.2796875 0.43125
2 0.4 0.46015625 0.01875 0.0203125
2 0.01171875 0.06640625 0.0203125 0.0453125
2 0.1984375 0.75703125 0.04375 0.0359375
2 0.1390625 0.67421875 0.040625 0.0328125