1 0.36796875 0.50078125 0.0890625 0.9671875
1 0.35 0.8515625 0.03125 0.2875
2 0.67578125 0.50546875 0.6453125 0.9890625
2 0.36796875 0.4375 0.0328125 0.15625
2 0.359375 0.60078125 0.03125 0.1671875
0 0.3875 0.0921875 0.04375 0.140625
2 0.353125 0.70390625 0.021875 0.0515625
2 0.37421875 0.4625 0.0140625 0.025
2 0.35 0.80625 0.01875 0.03125
2 0.36015625 0.38828125 0.0140625 0.0171875
0 0.115625 0.46953125 0.23125 0.9046875
2 0.35390625 0.98515625 0.0203125 0.0296875
1 0.3671875 0.75703125 0.021875 0.0234375