1 0.39375 0.54140625 0.775 0.0953125
1 0.81328125 0.49140625 0.0921875 0.9671875
2 0.6671875 0.575 0.190625 0.03125
2 0.58828125 0.78125 0.4671875 0.43125
2 0.42265625 0.56328125 0.1859375 0.0359375
2 0.79765625 0.52265625 0.0265625 0.1390625
2 0.8234375 0.18671875 0.021875 0.0484375
2 0.8609375 0.76171875 0.03125 0.0203125
2 0.8484375 0.24375 0.01875 0.0625
1 0.7859375 0.90078125 0.03125 0.1734375
2 0.15703125 0.25625 0.3109375 0.5125
2 0.8421875 0.28203125 0.015625 0.0421875
2 0.77421875 0.9859375 0.0359375 0.028125
2 0.31328125 0.4625 0.1265625 0.05
1 0.21796875 0.93046875 0.1671875 0.1265625