1 0.503125 0.7671875 0.984375 0.078125
1 0.19921875 0.1765625 0.0921875 0.353125
1 0.09296875 0.75 0.1546875 0.03125
1 0.675 0.75625 0.16875 0.0375
2 0.20625 0.2875 0.01875 0.0625
2 0.2203125 0.03515625 0.03125 0.0671875
2 0.48125 0.74375 0.11875 0.025
1 0.33125 0.75 0.175 0.0375
2 0.68984375 0.39921875 0.6203125 0.7921875
2 0.88203125 0.75625 0.0546875 0.0375
2 0.78671875 0.75078125 0.0734375 0.0234375
2 0.59765625 0.76953125 0.0328125 0.0140625
2 0.18828125 0.15625 0.0296875 0.01875
2 0.24765625 0.55546875 0.4953125 0.4078125
2 0.0125 0.74453125 0.025 0.0203125
2 0.96875 0.79375 0.05 0.01875
2 0.39453125 0.76875 0.0328125 0.0125
2 0.09921875 0.75703125 0.0203125 0.0140625
2 0.4921875 0.89453125 0.984375 0.1890625
1 0.17421875 0.16953125 0.0234375 0.0921875
2 0.39921875 0.11796875 0.3734375 0.2359375
1 0.0734375 0.43046875 0.021875 0.0296875
1 0.48046875 0.3625 0.0171875 0.03125
1 0.9671875 0.2625 0.03125 0.01875