1 0.821875 0.6359375 0.328125 0.38125
1 0.6 0.3109375 0.21875 0.4125
2 0.1078125 0.71875 0.215625 0.1875
2 0.57578125 0.08203125 0.1390625 0.1484375
2 0.3421875 0.08125 0.221875 0.13125
1 0.67578125 0.45078125 0.0703125 0.1296875
2 0.29765625 0.44921875 0.5921875 0.8921875
1 0.50625 0.225 0.03125 0.15625
1 0.95078125 0.71015625 0.0859375 0.1453125
1 0.58125 0.34140625 0.08125 0.0953125
1 0.9734375 0.8 0.053125 0.075
2 0.61875 0.3890625 0.05 0.05
2 0.76796875 0.546875 0.0328125 0.025
1 0.5140625 0.4625 0.065625 0.04375
2 0.32890625 0.09296875 0.0421875 0.0234375