1 0.4875 0.496875 0.05 0.975
2 0.48515625 0.6640625 0.0296875 0.13125
2 0.48671875 0.81796875 0.0296875 0.1109375
1 0.34453125 0.5109375 0.2203125 0.9625
2 0.4984375 0.34375 0.021875 0.05
0 0.971875 0.52578125 0.05625 0.9390625
2 0.4859375 0.22265625 0.01875 0.0421875
0 0.81328125 0.50703125 0.2234375 0.9546875
2 0.50390625 0.39296875 0.0140625 0.0203125
2 0.49375 0.96328125 0.01875 0.0421875
2 0.475 0.9875 0.05 0.025
1 0.61640625 0.81328125 0.0203125 0.0359375
1 0.546875 0.084375 0.021875 0.025
1 0.16328125 0.05078125 0.1046875 0.0703125
2 0.56796875 0.70625 0.0984375 0.125