1 0.5625 0.90546875 0.81875 0.1109375
1 0.13203125 0.396875 0.0765625 0.790625
1 0.125 0.86796875 0.11875 0.2453125
2 0.1265625 0.59453125 0.028125 0.2046875
2 0.22578125 0.878125 0.0828125 0.01875
2 0.5375 0.86953125 0.04375 0.0140625
2 0.16875 0.85625 0.03125 0.08125
2 0.79609375 0.49921875 0.4078125 0.9859375
2 0.1125 0.29921875 0.03125 0.1171875
0 0.48125 0.496875 0.30625 0.975
1 0.475 0.8859375 0.075 0.021875
1 0.1328125 0.9515625 0.028125 0.078125
2 0.61953125 0.6 0.0203125 0.025
2 0.0875 0.85703125 0.025 0.0984375
1 0.1546875 0.07265625 0.0375 0.1453125
2 0.10546875 0.27578125 0.0109375 0.0234375
2 0.29296875 0.0703125 0.2109375 0.140625
0 0.1046875 0.77265625 0.025 0.1078125
1 0.98203125 0.96328125 0.0296875 0.0171875