1 0.38671875 0.3453125 0.7546875 0.13125
1 0.75625 0.51796875 0.0625 0.9546875
2 0.8796875 0.16171875 0.240625 0.3203125
2 0.88046875 0.29296875 0.2234375 0.0328125
1 0.4296875 0.3609375 0.171875 0.053125
1 0.5484375 0.38671875 0.19375 0.0390625
1 0.7296875 0.93515625 0.0625 0.1265625
2 0.12421875 0.1671875 0.2453125 0.28125
2 0.75 0.68125 0.03125 0.06875
2 0.2515625 0.3234375 0.046875 0.01875
2 0.76953125 0.3109375 0.0140625 0.04375
2 0.84453125 0.29296875 0.0140625 0.0140625
1 0.07265625 0.21015625 0.0359375 0.0671875
1 0.46171875 0.7015625 0.1859375 0.56875
2 0.76171875 0.4625 0.0140625 0.025
2 0.34921875 0.34296875 0.0171875 0.0171875
1 0.98984375 0.2671875 0.0203125 0.04375