1 0.775 0.49921875 0.0875 0.9765625
1 0.8 0.92421875 0.03125 0.1234375
0 0.07578125 0.51171875 0.1453125 0.9546875
2 0.76640625 0.81875 0.0453125 0.09375
2 0.75625 0.53125 0.04375 0.1625
2 0.76875 0.39375 0.0375 0.16875
2 0.76640625 0.22421875 0.0328125 0.1171875
2 0.7453125 0.7875 0.025 0.025
2 0.7375 0.47265625 0.01875 0.0296875
2 0.80703125 0.0671875 0.0296875 0.021875
1 0.3234375 0.48828125 0.390625 0.9484375
2 0.76875 0.71796875 0.03125 0.0796875
2 0.88984375 0.21953125 0.2203125 0.4359375
2 0.08125 0.01875 0.0125 0.025
1 0.36796875 0.1015625 0.0421875 0.01875
2 0.80625 0.84296875 0.01875 0.0203125
1 0.0421875 0.8609375 0.084375 0.084375
2 0.89375 0.82421875 0.20625 0.3328125
2 0.77578125 0.3359375 0.0109375 0.021875
2 0.06171875 0.3375 0.0359375 0.01875
1 0.13125 0.7875 0.025 0.03125