2 0.43125 0.403125 0.85625 0.7625
2 0.7296875 0.12578125 0.259375 0.2109375
1 0.1328125 0.65 0.228125 0.2
2 0.415625 0.3734375 0.2375 0.171875
2 0.925 0.5921875 0.15 0.19375
1 0.575 0.21875 0.225 0.0625
2 0.3171875 0.44921875 0.0625 0.0390625
2 0.5671875 0.2265625 0.04375 0.01875
2 0.51015625 0.31328125 0.0546875 0.0640625
2 0.1046875 0.67265625 0.053125 0.0609375
2 0.50078125 0.23671875 0.0359375 0.0359375
2 0.84765625 0.47265625 0.0421875 0.0390625
2 0.76328125 0.35703125 0.0328125 0.0390625
2 0.13828125 0.11640625 0.2765625 0.2296875
1 0.03125 0.73203125 0.0625 0.0515625
2 0.60703125 0.2265625 0.0265625 0.015625
2 0.83125 0.0375 0.06875 0.05625
1 0.07578125 0.91171875 0.0265625 0.0296875
1 0.65703125 0.64921875 0.0984375 0.0796875