1 0.76171875 0.25 0.2015625 0.15
2 0.91171875 0.41875 0.1515625 0.2125
2 0.60625 0.115625 0.2125 0.221875
2 0.978125 0.48203125 0.04375 0.0578125
2 0.884375 0.36875 0.04375 0.0625
2 0.925 0.41953125 0.05 0.0640625
2 0.68203125 0.2 0.0390625 0.025
2 0.71875 0.20703125 0.0375 0.0265625
2 0.8171875 0.275 0.053125 0.0375
1 0.49921875 0.25 0.0859375 0.06875
2 0.08828125 0.32578125 0.0921875 0.0890625
1 0.52578125 0.8421875 0.1078125 0.0625
2 0.6984375 0.52890625 0.15 0.1140625
2 0.709375 0.51015625 0.58125 0.9765625
1 0.32890625 0.53671875 0.0390625 0.0359375
1 0.534375 0.2796875 0.03125 0.025
2 0.21171875 0.18046875 0.0390625 0.0328125
1 0.1859375 0.7796875 0.028125 0.03125
2 0.21171875 0.19375 0.4234375 0.3875
2 0.3171875 0.0546875 0.034375 0.034375
2 0.06796875 0.34765625 0.0171875 0.0140625
2 0.359375 0.2984375 0.11875 0.115625
1 0.5984375 0.63125 0.0875 0.05
1 0.47265625 0.096875 0.0328125 0.025