1 0.44765625 0.86171875 0.8453125 0.0765625
1 0.15546875 0.43515625 0.1015625 0.8703125
2 0.15390625 0.07578125 0.0359375 0.1390625
2 0.16171875 0.9234375 0.0390625 0.14375
1 0.07890625 0.84375 0.1421875 0.05
2 0.2015625 0.8625 0.0625 0.025
2 0.50546875 0.85 0.1015625 0.03125
2 0.16640625 0.509375 0.0296875 0.140625
1 0.11875 0.64296875 0.0375 0.1609375
1 0.3171875 0.8609375 0.1375 0.028125
2 0.17421875 0.63828125 0.0265625 0.0546875
2 0.8890625 0.91171875 0.0375 0.0140625
2 0.25625 0.85546875 0.03125 0.0140625
2 0.13125 0.20546875 0.0375 0.0578125
1 0.1 0.92265625 0.03125 0.0234375
2 0.0140625 0.8671875 0.028125 0.01875
2 0.7484375 0.58046875 0.503125 0.6046875
2 0.73203125 0.1671875 0.5359375 0.334375
1 0.51875 0.0640625 0.05625 0.028125
1 0.525 0.38203125 0.06875 0.0828125
2 0.15078125 0.084375 0.0140625 0.028125
2 0.86640625 0.43046875 0.0421875 0.0296875