1 0.06015625 0.51875 0.0390625 0.95625
2 0.45390625 0.69375 0.0578125 0.025
2 0.05625 0.51875 0.01875 0.04375
2 0.06171875 0.6546875 0.0171875 0.11875
2 0.4875 0.6859375 0.4625 0.096875
0 0.109375 0.50625 0.06875 0.93125
2 0.05546875 0.45546875 0.0203125 0.1140625
2 0.05625 0.56953125 0.01875 0.0421875
2 0.06171875 0.93046875 0.0203125 0.1265625
2 0.05546875 0.3609375 0.0140625 0.034375
2 0.05078125 0.0921875 0.0234375 0.121875
2 0.06640625 0.74453125 0.0328125 0.0484375
2 0.0609375 0.71953125 0.0125 0.0203125
2 0.8171875 0.24140625 0.365625 0.4546875
1 0.80390625 0.99296875 0.0828125 0.0140625
2 0.709375 0.29375 0.115625 0.0625
2 0.57421875 0.74453125 0.1015625 0.0765625
2 0.58125 0.41640625 0.06875 0.0546875
2 0.05 0.01640625 0.0125 0.0265625
1 0.20703125 0.93671875 0.0546875 0.0390625
1 0.2 0.178125 0.10625 0.078125
1 0.21015625 0.80703125 0.0671875 0.0609375
1 0.98203125 0.88046875 0.0171875 0.0171875
2 0.50625 0.68515625 0.03125 0.0390625