1 0.54375 0.4984375 0.05 0.98125
2 0.55390625 0.4109375 0.0234375 0.0875
2 0.5390625 0.7125 0.025 0.0875
2 0.53828125 0.54921875 0.0296875 0.0734375
2 0.546875 0.21875 0.025 0.13125
2 0.54375 0.86875 0.01875 0.075
1 0.29140625 0.50078125 0.5453125 0.9671875
2 0.54453125 0.9625 0.0203125 0.05
2 0.54296875 0.64296875 0.0140625 0.0578125
2 0.53828125 0.2765625 0.0140625 0.028125
2 0.53515625 0.80078125 0.0265625 0.0640625
0 0.9546875 0.50703125 0.078125 0.9796875
2 0.59921875 0.13828125 0.0203125 0.0234375
1 0.08125 0.384375 0.05625 0.053125
2 0.53828125 0.90703125 0.0140625 0.0359375