1 0.75 0.38828125 0.2 0.1734375
1 0.37265625 0.60703125 0.4296875 0.3671875
2 0.1 0.2734375 0.1875 0.19375
2 0.13125 0.85703125 0.2625 0.2703125
1 0.9234375 0.23125 0.146875 0.18125
2 0.92578125 0.36953125 0.1359375 0.1515625
1 0.5875 0.5265625 0.1875 0.134375
2 0.25625 0.72890625 0.075 0.0578125
2 0.33515625 0.65625 0.1203125 0.1
2 0.15625 0.98046875 0.11875 0.0328125
2 0.9 0.96640625 0.05625 0.0578125
2 0.04453125 0.44921875 0.0765625 0.0921875
2 0.96328125 0.0625 0.0734375 0.08125
2 0.6296875 0.44296875 0.059375 0.0296875
2 0.13203125 0.8265625 0.0890625 0.071875
2 0.29765625 0.5875 0.0796875 0.0875
0 0.19765625 0.45625 0.1140625 0.1
2 0.25078125 0.53515625 0.0515625 0.0484375
1 0.70703125 0.52265625 0.5828125 0.9546875
2 0.9125 0.2984375 0.025 0.025
2 0.0265625 0.94375 0.053125 0.06875
1 0.5546875 0.3296875 0.05 0.053125
2 0.65625 0.48046875 0.01875 0.0140625
2 0.71953125 0.4625 0.0203125 0.01875
0 0.671875 0.4609375 0.0625 0.059375
2 0.88671875 0.32421875 0.0328125 0.0390625