1 0.13515625 0.37578125 0.2453125 0.2328125
2 0.43046875 0.075 0.1734375 0.15
2 0.06875 0.39375 0.0625 0.0625
2 0.2953125 0.50625 0.590625 0.975
2 0.55 0.39375 0.13125 0.09375
2 0.3625 0.14375 0.06875 0.06875
2 0.19453125 0.30078125 0.0734375 0.0609375
2 0.75625 0.2203125 0.4875 0.421875
2 0.2296875 0.26953125 0.03125 0.0328125
2 0.31875 0.175 0.025 0.03125
2 0.72890625 0.68671875 0.5421875 0.6015625
1 0.23125 0.04140625 0.04375 0.0390625
2 0.56796875 0.40625 0.0296875 0.01875
1 0.1484375 0.21171875 0.0875 0.0453125
1 0.53515625 0.2125 0.0703125 0.04375
2 0.48671875 0.375 0.0203125 0.025
2 0.09765625 0.3625 0.0296875 0.025
1 0.0171875 0.171875 0.03125 0.05625
2 0.4296875 0.0546875 0.028125 0.025
1 0.10625 0.74921875 0.05 0.0484375