2 0.57578125 0.853125 0.1828125 0.29375
2 0.7171875 0.63671875 0.265625 0.3171875
2 0.22578125 0.84296875 0.2265625 0.3015625
2 0.91640625 0.4546875 0.1671875 0.1125
2 0.825 0.5234375 0.075 0.075
2 0.95078125 0.16328125 0.0984375 0.3140625
2 0.690625 0.678125 0.0625 0.06875
2 0.59765625 0.7703125 0.0546875 0.059375
2 0.35703125 0.78828125 0.1703125 0.0984375
2 0.6375 0.76796875 0.0375 0.1078125
2 0.55 0.928125 0.03125 0.071875
1 0.0484375 0.47421875 0.040625 0.0359375
2 0.9875 0.2796875 0.025 0.08125
2 0.01484375 0.6546875 0.0296875 0.05
2 0.36953125 0.4484375 0.0765625 0.059375
2 0.40625 0.8109375 0.05 0.028125
2 0.59375 0.29140625 0.03125 0.0203125
2 0.31640625 0.95625 0.0203125 0.0625
2 0.05625 0.753125 0.1125 0.15
2 0.5203125 0.97734375 0.1 0.0453125
2 0.26875 0.19921875 0.53125 0.3953125
2 0.87265625 0.85625 0.2546875 0.28125
2 0.45546875 0.30703125 0.0234375 0.0265625
2 0.2875 0.36640625 0.025 0.0234375
2 0.0484375 0.22578125 0.071875 0.0703125
1 0.95625 0.4921875 0.025 0.015625