1 0.77578125 0.8 0.2515625 0.3875
2 0.26328125 0.50078125 0.4328125 0.4046875
2 0.58125 0.11171875 0.1375 0.1921875
1 0.63671875 0.5234375 0.1609375 0.475
2 0.43515625 0.31796875 0.2046875 0.2171875
2 0.2875 0.478125 0.13125 0.109375
2 0.70390625 0.74453125 0.0671875 0.1109375
2 0.86640625 0.94375 0.1046875 0.10625
2 0.74921875 0.82890625 0.0515625 0.0640625
2 0.3875 0.36875 0.0625 0.0625
2 0.6875 0.58828125 0.04375 0.1328125
2 0.56171875 0.31796875 0.0609375 0.0765625
2 0.109375 0.6375 0.09375 0.075
2 0.1796875 0.18203125 0.359375 0.3546875
1 0.5625 0.40390625 0.1125 0.1171875
2 0.83125 0.9046875 0.025 0.028125
1 0.9375 0.878125 0.025 0.0375
2 0.68046875 0.51953125 0.0140625 0.0171875
2 0.02890625 0.71953125 0.0296875 0.0265625
2 0.5046875 0.2203125 0.028125 0.034375
1 0.18125 0.6453125 0.05 0.05
1 0.2265625 0.51328125 0.03125 0.0453125