1 0.4 0.49453125 0.05625 0.9796875
1 0.609375 0.43359375 0.309375 0.8671875
1 0.38125 0.88203125 0.025 0.1984375
2 0.38828125 0.0625 0.0296875 0.125
2 0.4125 0.70546875 0.025 0.0828125
2 0.21171875 0.22890625 0.4140625 0.4578125
2 0.40703125 0.5921875 0.0234375 0.0625
2 0.3984375 0.78515625 0.034375 0.0734375
2 0.4125 0.64453125 0.01875 0.0390625
2 0.40078125 0.2875 0.0171875 0.03125
2 0.40546875 0.38203125 0.0203125 0.0734375
2 0.16875 0.7375 0.3375 0.5
0 0.88046875 0.52421875 0.2390625 0.9453125
2 0.35390625 0.3546875 0.0359375 0.01875
1 0.38203125 0.97421875 0.0140625 0.0484375
2 0.3984375 0.08203125 0.0125 0.0234375
1 0.39375 0.12265625 0.025 0.0265625
1 0.07578125 0.9375 0.0359375 0.05