1 0.20390625 0.82265625 0.0546875 0.3484375
2 0.44375 0.9296875 0.51875 0.140625
2 0.08046875 0.2 0.1421875 0.3875
1 0.1984375 0.44296875 0.03125 0.2546875
1 0.3546875 0.14375 0.046875 0.2875
2 0.096875 0.57265625 0.190625 0.0265625
2 0.32578125 0.97578125 0.1984375 0.0296875
2 0.08515625 0.353125 0.0796875 0.059375
2 0.61015625 0.5046875 0.7796875 0.984375
2 0.49921875 0.98046875 0.2296875 0.0296875
2 0.19375 0.57578125 0.025 0.0828125
2 0.3625 0.2875 0.01875 0.04375
1 0.95078125 0.815625 0.0296875 0.021875
1 0.60703125 0.99296875 0.1515625 0.0140625
2 0.03671875 0.315625 0.0359375 0.028125
2 0.19453125 0.31875 0.0234375 0.06875
2 0.0140625 0.09296875 0.028125 0.1859375
2 0.69765625 0.9734375 0.0546875 0.01875
2 0.496875 0.9953125 0.084375 0.009375
0 0.2359375 0.94375 0.04375 0.0625
1 0.95546875 0.21875 0.0515625 0.0375