1 0.69140625 0.5359375 0.0578125 0.928125
2 0.65703125 0.16796875 0.0484375 0.1578125
2 0.09921875 0.08125 0.1921875 0.075
2 0.921875 0.26875 0.15625 0.03125
2 0.83203125 0.153125 0.3359375 0.30625
2 0.353125 0.5 0.70625 0.9875
2 0.690625 0.72578125 0.028125 0.0984375
2 0.78671875 0.29375 0.0515625 0.01875
2 0.71328125 0.28671875 0.0578125 0.0203125
2 0.6859375 0.325 0.028125 0.1375
2 0.72265625 0.7625 0.0234375 0.06875
2 0.6796875 0.6375 0.025 0.0875
2 0.04765625 0.06796875 0.0421875 0.0203125
1 0.8609375 0.47578125 0.278125 0.4859375
1 0.6984375 0.94296875 0.01875 0.0921875
2 0.18671875 0.109375 0.0296875 0.01875
2 0.70390625 0.83046875 0.0171875 0.0390625
2 0.6875 0.5625 0.01875 0.075
2 0.6828125 0.41015625 0.015625 0.0578125
2 0.41953125 0.3953125 0.0265625 0.025
1 0.275 0.25 0.075 0.075