1 0.31015625 0.16875 0.1765625 0.3375
1 0.18671875 0.7703125 0.0640625 0.390625
1 0.45078125 0.925 0.4796875 0.04375
1 0.1015625 0.29296875 0.1875 0.4984375
1 0.17578125 0.41171875 0.0328125 0.2921875
1 0.08515625 0.51953125 0.1671875 0.0234375
2 0.2125 0.965625 0.03125 0.06875
1 0.425 0.71640625 0.56875 0.5484375
1 0.9328125 0.76171875 0.046875 0.0296875
2 0.87265625 0.81171875 0.1921875 0.1359375
2 0.80859375 0.3265625 0.3828125 0.58125
2 0.63203125 0.9375 0.0515625 0.01875
2 0.43671875 0.9328125 0.0890625 0.021875
1 0.0140625 0.1484375 0.028125 0.165625
2 0.2 0.23125 0.08125 0.16875
2 0.01796875 0.2703125 0.0359375 0.04375
2 0.15625 0.54921875 0.0625 0.0640625
2 0.22421875 0.89453125 0.0203125 0.0296875
2 0.184375 0.41953125 0.015625 0.0328125