2 0.15703125 0.72578125 0.3046875 0.0984375
1 0.64921875 0.3390625 0.1984375 0.678125
1 0.634375 0.83828125 0.059375 0.2703125
2 0.45546875 0.7 0.3453125 0.06875
2 0.70078125 0.1625 0.0390625 0.325
1 0.86328125 0.38671875 0.2671875 0.0515625
1 0.6671875 0.56953125 0.05625 0.2546875
2 0.35 0.70703125 0.0625 0.0203125
1 0.66875 0.91015625 0.03125 0.1546875
2 0.60703125 0.7171875 0.0328125 0.021875
2 0.51796875 0.68125 0.0796875 0.025
2 0.725 0.3625 0.04375 0.01875
2 0.2703125 0.7625 0.05625 0.01875
2 0.78125 0.3921875 0.0375 0.015625
2 0.15 0.21171875 0.3 0.4234375
2 0.70078125 0.32578125 0.0171875 0.0328125
2 0.67578125 0.47421875 0.0171875 0.0328125
2 0.62421875 0.86875 0.0171875 0.03125
2 0.6953125 0.21796875 0.021875 0.0515625
1 0.9 0.76875 0.1625 0.06875
1 0.646875 0.60078125 0.021875 0.0578125
2 0.45546875 0.86015625 0.3640625 0.2515625