1 0.11953125 0.38515625 0.2015625 0.2890625
2 0.2171875 0.8390625 0.278125 0.31875
1 0.3609375 0.1 0.146875 0.2
2 0.15546875 0.30546875 0.0390625 0.0453125
2 0.11328125 0.70546875 0.0859375 0.0921875
2 0.39453125 0.03828125 0.0546875 0.0546875
2 0.21953125 0.8890625 0.0328125 0.040625
2 0.2453125 0.76015625 0.08125 0.0515625
2 0.26875 0.9375 0.08125 0.075
2 0.3375 0.13046875 0.025 0.0390625
2 0.1875 0.82578125 0.025 0.0390625
2 0.740625 0.37421875 0.51875 0.7453125
2 0.1671875 0.79375 0.0375 0.05625
2 0.12421875 0.721875 0.0140625 0.015625
1 0.2734375 0.2015625 0.103125 0.1125
1 0.24140625 0.02890625 0.0328125 0.0265625
1 0.05625 0.76953125 0.0375 0.0203125
1 0.05546875 0.915625 0.0984375 0.09375
2 0.5875 0.60546875 0.01875 0.0296875
2 0.81875 0.14453125 0.0375 0.0390625
1 0.58671875 0.71796875 0.0828125 0.0703125