1 0.3876953125 0.80859375 0.771484375 0.1328125
1 0.66015625 0.8427734375 0.20703125 0.037109375
1 0.4755859375 0.8505859375 0.154296875 0.033203125
2 0.376953125 0.8408203125 0.05078125 0.025390625
2 0.55859375 0.8583984375 0.04296875 0.025390625
2 0.7646484375 0.8427734375 0.037109375 0.013671875
2 0.7470703125 0.4052734375 0.505859375 0.794921875
1 0.0625 0.5380859375 0.08203125 0.076171875
1 0.03515625 0.9736328125 0.03515625 0.037109375
1 0.27734375 0.1650390625 0.01953125 0.029296875
1 0.248046875 0.537109375 0.02734375 0.0234375
2 0.2333984375 0.21875 0.466796875 0.4296875
1 0.4580078125 0.263671875 0.068359375 0.0625
1 0.9052734375 0.9677734375 0.013671875 0.025390625