1 0.41171875 0.36953125 0.2921875 0.3015625
1 0.15078125 0.65390625 0.2859375 0.3203125
2 0.64296875 0.1234375 0.2296875 0.228125
1 0.2671875 0.52421875 0.125 0.1234375
2 0.4578125 0.3015625 0.075 0.065625
2 0.32265625 0.446875 0.0609375 0.05625
2 0.60625 0.16328125 0.0625 0.0796875
2 0.8578125 0.1234375 0.284375 0.24375
1 0.43515625 0.87421875 0.0546875 0.0453125
2 0.86796875 0.81953125 0.2609375 0.3421875
2 0.98984375 0.225 0.0203125 0.05
2 0.82265625 0.37890625 0.3546875 0.3734375
2 0.14921875 0.89375 0.2859375 0.2125
2 0.60703125 0.88046875 0.3984375 0.2328125