2 0.57578125 0.46171875 0.7234375 0.8890625
1 0.1234375 0.646875 0.228125 0.165625
2 0.659375 0.1046875 0.2875 0.196875
2 0.91796875 0.84375 0.1390625 0.19375
1 0.55625 0.42578125 0.14375 0.1671875
2 0.3609375 0.16328125 0.240625 0.2453125
2 0.34140625 0.48671875 0.2453125 0.1765625
2 0.775 0.64765625 0.20625 0.2046875
2 0.46875 0.31640625 0.13125 0.1609375
1 0.1421875 0.04453125 0.209375 0.0890625
2 0.1609375 0.59921875 0.06875 0.0328125
2 0.39453125 0.4515625 0.0734375 0.059375
2 0.42265625 0.2515625 0.0609375 0.053125
2 0.08046875 0.65546875 0.0484375 0.0359375
2 0.8125 0.67421875 0.05625 0.0734375
2 0.48125 0.384375 0.04375 0.0375
2 0.03125 0.69375 0.0625 0.06875
2 0.30078125 0.11875 0.0796875 0.0625
2 0.26953125 0.54375 0.0546875 0.04375
2 0.86953125 0.73671875 0.0484375 0.0453125
2 0.48671875 0.2171875 0.0796875 0.06875
2 0.87890625 0.846875 0.0421875 0.028125
0 0.775 0.03828125 0.08125 0.0765625
2 0.7 0.06875 0.05625 0.04375
1 0.3859375 0.62578125 0.0375 0.0265625
1 0.46953125 0.71953125 0.0984375 0.0890625
2 0.67890625 0.55390625 0.0390625 0.0328125
2 0.709375 0.56796875 0.025 0.0203125