1 0.41875 0.50078125 0.3375 0.3984375
2 0.73515625 0.8375 0.2828125 0.3125
2 0.73828125 0.5625 0.3234375 0.31875
1 0.09140625 0.2 0.1703125 0.21875
2 0.16796875 0.9609375 0.1515625 0.05625
1 0.5125 0.59375 0.1125 0.1
2 0.85 0.44375 0.0875 0.06875
2 0.63671875 0.74765625 0.0546875 0.0546875
2 0.0328125 0.20703125 0.059375 0.0484375
2 0.14921875 0.27421875 0.0421875 0.0484375
2 0.73671875 0.525 0.0765625 0.075
1 0.565625 0.66171875 0.065625 0.1109375
2 0.12421875 0.21875 0.0515625 0.05625
1 0.609375 0.69453125 0.05 0.0796875
2 0.46640625 0.54921875 0.0421875 0.0453125
2 0.71328125 0.58515625 0.0265625 0.0328125
2 0.83671875 0.9671875 0.0640625 0.065625
2 0.68046875 0.7765625 0.0234375 0.034375
2 0.75546875 0.21640625 0.4484375 0.4234375
1 0.12578125 0.040625 0.0578125 0.04375
1 0.24453125 0.95 0.0265625 0.03125
2 0.76328125 0.87578125 0.0171875 0.0203125
1 0.5890625 0.9484375 0.153125 0.096875