1 0.88515625 0.5 0.1015625 0.98125
1 0.24375 0.74453125 0.475 0.0703125
1 0.6359375 0.478125 0.359375 0.95625
1 0.8734375 0.38671875 0.0375 0.1578125
2 0.37578125 0.7703125 0.0609375 0.01875
2 0.42578125 0.76796875 0.0515625 0.0265625
1 0.859375 0.90078125 0.05625 0.1765625
2 0.15546875 0.73046875 0.0546875 0.0203125
1 0.2671875 0.41953125 0.1625 0.8046875
2 0.48515625 0.68515625 0.0828125 0.0609375
1 0.046875 0.41796875 0.090625 0.5296875
2 0.09296875 0.75390625 0.0765625 0.0421875
2 0.93515625 0.53203125 0.0265625 0.0421875
2 0.8515625 0.11796875 0.025 0.0453125
1 0.9234375 0.95078125 0.08125 0.0828125
1 0.83828125 0.97890625 0.0203125 0.0390625
1 0.22578125 0.35078125 0.0421875 0.0265625
1 0.03125 0.21015625 0.025 0.0140625
1 0.43203125 0.45703125 0.0296875 0.0140625
1 0.88671875 0.67265625 0.0421875 0.0265625
2 0.88125 0.49453125 0.01875 0.0203125