1 0.50703125 0.78203125 0.9859375 0.1453125
2 0.73671875 0.7625 0.1453125 0.03125
1 0.08671875 0.825 0.1734375 0.0375
2 0.40703125 0.75703125 0.2171875 0.0265625
1 0.196875 0.859375 0.390625 0.034375
1 0.2546875 0.86328125 0.06875 0.0140625
2 0.0265625 0.13203125 0.053125 0.0296875
2 0.6375 0.7359375 0.0375 0.028125
1 0.50546875 0.50625 0.0296875 0.04375
1 0.79296875 0.39765625 0.0578125 0.0609375
1 0.59453125 0.1 0.8109375 0.075
2 0.7296875 0.325 0.540625 0.38125
1 0.20390625 0.43203125 0.2765625 0.0828125
1 0.446875 0.8234375 0.021875 0.028125
1 0.61875 0.04375 0.06875 0.05