2 0.47265625 0.1359375 0.1015625 0.1625
2 0.50625 0.046875 0.05625 0.090625
2 0.78515625 0.3734375 0.4296875 0.703125
2 0.53828125 0.91875 0.0890625 0.15625
2 0.4609375 0.31875 0.071875 0.21875
2 0.14375 0.89140625 0.275 0.1984375
1 0.48828125 0.5875 0.0640625 0.16875
2 0.18125 0.30390625 0.3625 0.5734375
1 0.58125 0.81640625 0.0375 0.1203125
2 0.76953125 0.81171875 0.4484375 0.3703125
1 0.21328125 0.70078125 0.0609375 0.0765625
1 0.82890625 0.88203125 0.0890625 0.0890625
2 0.4265625 0.2109375 0.034375 0.028125
2 0.44375 0.30703125 0.05 0.0296875
1 0.625 0.58671875 0.13125 0.0421875
2 0.05078125 0.88046875 0.0640625 0.0578125
1 0.7859375 0.66875 0.028125 0.01875
1 0.40546875 0.77578125 0.0265625 0.0203125
1 0.23203125 0.91171875 0.0296875 0.0234375
1 0.92421875 0.81796875 0.0421875 0.0296875
1 0.8796875 0.9796875 0.06875 0.040625
1 0.66171875 0.70703125 0.0359375 0.0203125