2 0.505859375 0.5 0.2265625 0.9609375
1 0.7314453125 0.4638671875 0.076171875 0.927734375
2 0.4296875 0.197265625 0.04296875 0.39453125
1 0.5546875 0.892578125 0.09765625 0.19921875
2 0.22265625 0.369140625 0.4453125 0.734375
2 0.517578125 0.775390625 0.07421875 0.1015625
1 0.7119140625 0.3076171875 0.130859375 0.044921875
2 0.46484375 0.025390625 0.08203125 0.046875
2 0.146484375 0.833984375 0.29296875 0.33203125
1 0.537109375 0.0966796875 0.07421875 0.193359375
2 0.4658203125 0.41015625 0.087890625 0.14453125
2 0.6171875 0.896484375 0.04296875 0.04296875
1 0.177734375 0.412109375 0.0625 0.12109375