1 0.44453125 0.4375 0.3078125 0.275
1 0.81015625 0.5890625 0.3578125 0.053125
1 0.28671875 0.30546875 0.2015625 0.1890625
1 0.56875 0.53828125 0.10625 0.0703125
0 0.60703125 0.7015625 0.1046875 0.175
2 0.75859375 0.78515625 0.4828125 0.4203125
0 0.63203125 0.575 0.0703125 0.05625
1 0.484375 0.47265625 0.1 0.0703125
1 0.43046875 0.93671875 0.0953125 0.0984375
1 0.425 0.6375 0.03125 0.45
1 0.9796875 0.7375 0.040625 0.03125
1 0.10078125 0.94765625 0.0609375 0.0703125
2 0.125 0.78515625 0.2375 0.3546875
2 0.79375 0.59375 0.0625 0.01875
1 0.3125 0.65703125 0.0875 0.1265625
1 0.690625 0.51796875 0.04375 0.0609375
1 0.3015625 0.525 0.03125 0.025
1 0.18125 0.5265625 0.075 0.028125