1 0.23125 0.40390625 0.175 0.4265625
2 0.42265625 0.85546875 0.2078125 0.2859375
2 0.14921875 0.83046875 0.2921875 0.2453125
2 0.07265625 0.18828125 0.1234375 0.1953125
2 0.77265625 0.36015625 0.4484375 0.6890625
2 0.58671875 0.8078125 0.1140625 0.384375
1 0.5875 0.40546875 0.10625 0.2984375
2 0.4 0.1375 0.35 0.275
2 0.87578125 0.66171875 0.1296875 0.1703125
2 0.47421875 0.64140625 0.2328125 0.1296875
2 0.7765625 0.80390625 0.2125 0.1078125
2 0.95 0.5875 0.075 0.15625
2 0.45 0.965625 0.06875 0.06875
2 0.93125 0.83046875 0.1375 0.1109375
2 0.59765625 0.75 0.0578125 0.075
1 0.19296875 0.384375 0.0390625 0.09375
1 0.92890625 0.34375 0.1421875 0.1875
1 0.86171875 0.7640625 0.0515625 0.059375
1 0.784375 0.1 0.06875 0.05625
2 0.25078125 0.675 0.0484375 0.06875
2 0.2515625 0.73671875 0.084375 0.0671875
1 0.26796875 0.17578125 0.0828125 0.0546875
1 0.9703125 0.509375 0.059375 0.04375
1 0.55625 0.98671875 0.025 0.0234375
2 0.32421875 0.7484375 0.0796875 0.084375
1 0.83828125 0.25625 0.0578125 0.075
1 0.1765625 0.96875 0.25 0.0625