1 0.2625 0.784375 0.49375 0.428125
2 0.3625 0.44453125 0.25625 0.2265625
2 0.76953125 0.38125 0.4359375 0.3
2 0.1125 0.2296875 0.2125 0.125
2 0.7078125 0.721875 0.584375 0.546875
2 0.8328125 0.1171875 0.334375 0.228125
2 0.2703125 0.36328125 0.0625 0.0640625
2 0.56015625 0.51328125 0.1703125 0.1109375
2 0.3890625 0.0890625 0.309375 0.178125
2 0.69375 0.4296875 0.0875 0.046875
2 0.80625 0.36015625 0.14375 0.0890625
1 0.20625 0.81328125 0.23125 0.0734375
1 0.23046875 0.675 0.0609375 0.05625
1 0.0609375 0.66640625 0.08125 0.0609375
1 0.084375 0.8875 0.090625 0.08125
2 0.94921875 0.2875 0.1015625 0.1
1 0.02890625 0.91953125 0.0546875 0.1421875
1 0.96875 0.84375 0.05625 0.14375