2 0.54921875 0.196875 0.0828125 0.15625
2 0.75625 0.31328125 0.4875 0.0390625
2 0.2625 0.296875 0.525 0.046875
2 0.5125 0.825 0.06875 0.05625
1 0.4578125 0.44375 0.040625 0.21875
2 0.55078125 0.7375 0.0296875 0.0375
2 0.465625 0.88125 0.0375 0.1
2 0.2390625 0.64453125 0.478125 0.6828125
2 0.56953125 0.79765625 0.0234375 0.0265625
2 0.45703125 0.36875 0.0140625 0.01875
2 0.46328125 0.49140625 0.0265625 0.0328125
1 0.275 0.14140625 0.03125 0.0140625
1 0.43671875 0.6984375 0.0296875 0.0125
1 0.41328125 0.075 0.1265625 0.01875
1 0.03203125 0.16171875 0.0234375 0.0078125
1 0.98671875 0.696875 0.0265625 0.015625
1 0.084375 0.27265625 0.028125 0.0078125
2 0.5140625 0.246875 0.021875 0.015625
1 0.68125 0.18203125 0.03125 0.0140625
1 0.15703125 0.51328125 0.0609375 0.0109375
2 0.44765625 0.94453125 0.0203125 0.0265625
2 0.5875 0.11875 0.01875 0.025
2 0.7703125 0.79453125 0.45 0.3796875
1 0.8875 0.69375 0.04375 0.0125
1 0.0984375 0.15625 0.078125 0.04375
1 0.90625 0.69375 0.1875 0.03125