2 0.41640625 0.26328125 0.7578125 0.2828125
1 0.815625 0.50390625 0.05 0.9421875
2 0.32421875 0.63046875 0.0546875 0.0359375
2 0.78125 0.44296875 0.04375 0.0171875
2 0.3640625 0.58515625 0.053125 0.0578125
2 0.41875 0.52890625 0.03125 0.0296875
2 0.38515625 0.5546875 0.0390625 0.03125
2 0.42890625 0.75625 0.8140625 0.0375
1 0.02890625 0.51171875 0.0359375 0.9703125
2 0.79375 0.40703125 0.075 0.1078125
0 0.85546875 0.51328125 0.0453125 0.9515625
2 0.50703125 0.478125 0.0265625 0.01875
1 0.1296875 0.68671875 0.01875 0.0234375
2 0.81796875 0.70078125 0.0296875 0.1296875
2 0.79765625 0.92578125 0.0484375 0.0203125
1 0.59453125 0.7 0.4703125 0.55625
2 0.8234375 0.36796875 0.015625 0.0390625
2 0.81171875 0.13125 0.0265625 0.175
1 0.56875 0.48671875 0.01875 0.0140625
2 0.79375 0.6484375 0.0375 0.021875
2 0.81328125 0.61171875 0.0203125 0.0296875
2 0.8046875 0.04140625 0.01875 0.0828125
2 0.81015625 0.7765625 0.0671875 0.0375
1 0.52890625 0.36328125 0.0140625 0.0171875
2 0.82421875 0.45703125 0.0109375 0.0265625
1 0.06875 0.421875 0.075 0.26875