1 0.49296875 0.41953125 0.1140625 0.4515625
2 0.53828125 0.18828125 0.2421875 0.0265625
1 0.75390625 0.56640625 0.0421875 0.8109375
2 0.58828125 0.74453125 0.2359375 0.4859375
2 0.525 0.5796875 0.06875 0.078125
2 0.2125 0.43515625 0.2 0.4609375
2 0.496875 0.153125 0.978125 0.059375
2 0.27578125 0.1875 0.2578125 0.01875
2 0.44375 0.23046875 0.025 0.0734375
2 0.3859375 0.175 0.078125 0.01875
2 0.4875 0.43125 0.01875 0.04375
2 0.665625 0.90703125 0.0625 0.1296875
2 0.4515625 0.28828125 0.025 0.0421875
1 0.30390625 0.74921875 0.0609375 0.0421875
1 0.68671875 0.8671875 0.0234375 0.01875
2 0.36796875 0.85546875 0.1265625 0.2515625
1 0.64453125 0.96953125 0.0203125 0.0234375
2 0.084375 0.1890625 0.159375 0.021875
2 0.5625 0.62421875 0.01875 0.0140625
1 0.63125 0.68671875 0.0125 0.0203125
2 0.6171875 0.18671875 0.028125 0.0203125
2 0.9046875 0.1859375 0.03125 0.025
1 0.95078125 0.1796875 0.0796875 0.065625
2 0.7578125 0.59140625 0.009375 0.0171875
1 0.48046875 0.48203125 0.0140625 0.0203125
1 0.57578125 0.66171875 0.0796875 0.0703125
1 0.05625 0.00546875 0.01875 0.0109375
2 0.27578125 0.075 0.5515625 0.14375
1 0.53203125 0.5890625 0.0203125 0.021875
1 0.503125 0.97578125 0.98125 0.0265625
1 0.325 0.73671875 0.0125 0.0109375
1 0.3375 0.5 0.10625 0.05
0 0.6375 0.20078125 0.03125 0.0421875
1 0.36640625 0.46875 0.0140625 0.0125