1 0.55078125 0.57265625 0.2046875 0.8140625
2 0.79921875 0.2359375 0.0515625 0.06875
2 0.29375 0.29453125 0.1375 0.2265625
2 0.36328125 0.1125 0.0734375 0.10625
2 0.0671875 0.1546875 0.134375 0.096875
2 0.49375 0.26953125 0.075 0.1796875
2 0.85390625 0.54296875 0.2921875 0.8640625
2 0.8796875 0.13828125 0.059375 0.0453125
2 0.5578125 0.97890625 0.0625 0.0296875
2 0.4515625 0.1546875 0.08125 0.05625
2 0.63046875 0.73671875 0.0484375 0.1796875
1 0.3421875 0.21171875 0.03125 0.0328125
2 0.59921875 0.4578125 0.0203125 0.0375
1 0.49375 0.19296875 0.98125 0.0265625
2 0.50078125 0.859375 0.9703125 0.065625
1 0.0953125 0.98125 0.05 0.03125
1 0.63046875 0.9265625 0.0828125 0.146875