1 0.50078125 0.4390625 0.9859375 0.1
2 0.8078125 0.225 0.384375 0.41875
1 0.8875 0.46640625 0.2 0.0421875
2 0.45078125 0.44296875 0.0640625 0.0359375
0 0.6375 0.44296875 0.0625 0.0640625
0 0.05078125 0.425 0.0984375 0.06875
1 0.5609375 0.49375 0.121875 0.0625
2 0.14765625 0.4375 0.0546875 0.025
2 0.971875 0.40390625 0.053125 0.0296875
2 0.34765625 0.2203125 0.6921875 0.428125
2 0.328125 0.72890625 0.65625 0.5296875
2 0.53828125 0.4609375 0.0609375 0.021875
1 0.9140625 0.16796875 0.11875 0.0734375
1 0.225 0.85546875 0.11875 0.1171875
2 0.7859375 0.74140625 0.428125 0.4703125
1 0.64140625 0.25625 0.0421875 0.03125
1 0.225 0.9515625 0.11875 0.096875