1 0.50390625 0.47578125 0.9859375 0.0703125
2 0.65078125 0.24140625 0.6984375 0.4671875
0 0.79765625 0.475 0.0890625 0.0375
1 0.93671875 0.4609375 0.1171875 0.053125
2 0.96640625 0.6625 0.0671875 0.03125
1 0.34765625 0.47578125 0.1640625 0.0296875
1 0.95625 0.60390625 0.0875 0.0734375
1 0.2875 0.58203125 0.06875 0.0390625
2 0.54296875 0.45625 0.0671875 0.025
2 0.37578125 0.34921875 0.2296875 0.1734375
2 0.70625 0.4625 0.04375 0.025
0 0.48515625 0.46875 0.0734375 0.01875
1 0.3625 0.8 0.11875 0.08125
2 0.16796875 0.25625 0.3203125 0.3375
2 0.9921875 0.48125 0.015625 0.01875
1 0.09375 0.5390625 0.05 0.053125
1 0.3625 0.52578125 0.11875 0.0921875