2 0.3046875 0.16875 0.296875 0.30625
1 0.4453125 0.34453125 0.13125 0.2640625
1 0.75703125 0.55 0.4515625 0.15625
2 0.24375 0.625 0.4875 0.2625
1 0.54765625 0.46640625 0.1984375 0.1546875
2 0.08125 0.7125 0.1375 0.08125
2 0.75546875 0.22578125 0.4734375 0.4203125
2 0.796875 0.79453125 0.40625 0.3953125
2 0.54296875 0.3421875 0.0640625 0.071875
0 0.18828125 0.68671875 0.1671875 0.0390625
1 0.93203125 0.60625 0.1234375 0.04375
0 0.20546875 0.04453125 0.1015625 0.0859375
2 0.4375 0.54921875 0.09375 0.0953125
2 0.759375 0.546875 0.1125 0.05625
1 0.15546875 0.64296875 0.0578125 0.0703125
1 0.26171875 0.96171875 0.0859375 0.0484375
2 0.42578125 0.8484375 0.4671875 0.303125
2 0.35078125 0.6109375 0.1046875 0.040625