1 0.56015625 0.4703125 0.1578125 0.3625
1 0.45078125 0.3 0.1515625 0.2625
2 0.29453125 0.51171875 0.5828125 0.9734375
2 0.75390625 0.50625 0.4921875 0.9875
2 0.5125 0.3734375 0.03125 0.096875
2 0.5578125 0.53828125 0.0625 0.0734375
2 0.5265625 0.49375 0.040625 0.0625
2 0.5625 0.85703125 0.23125 0.2609375
2 0.13125 0.0859375 0.2625 0.16875
2 0.51953125 0.4390625 0.0203125 0.046875
1 0.2375 0.16640625 0.04375 0.0265625
2 0.67265625 0.096875 0.2546875 0.175
1 0.1171875 0.39296875 0.01875 0.0328125
2 0.6625 0.7171875 0.05 0.08125
2 0.5265625 0.79375 0.05 0.1125
1 0.12265625 0.9578125 0.0328125 0.028125
2 0.63828125 0.659375 0.0203125 0.021875