1 0.55078125 0.51953125 0.1140625 0.2328125
2 0.36875 0.25625 0.2625 0.225
2 0.5546875 0.8609375 0.221875 0.25625
1 0.50390625 0.42265625 0.0328125 0.1109375
2 0.5515625 0.56171875 0.840625 0.8671875
2 0.55703125 0.56875 0.0421875 0.05
2 0.75625 0.1375 0.4875 0.2625
2 0.13359375 0.10078125 0.2671875 0.2015625
1 0.384375 0.43671875 0.05 0.0234375
2 0.1203125 0.778125 0.240625 0.44375
1 0.54453125 0.86015625 0.0328125 0.0296875
2 0.6359375 0.69296875 0.071875 0.1171875
1 0.2375 0.1859375 0.0375 0.021875
1 0.30546875 0.3890625 0.0640625 0.028125
1 0.1265625 0.96015625 0.04375 0.0390625
1 0.59375 0.93515625 0.025 0.0265625
2 0.40625 0.09140625 0.375 0.1734375