2 0.5125 0.5046875 0.30625 0.959375
1 0.39765625 0.68671875 0.0640625 0.3203125
1 0.4796875 0.92421875 0.165625 0.1421875
2 0.80625 0.296875 0.38125 0.590625
1 0.63125 0.16953125 0.075 0.3390625
2 0.14296875 0.63671875 0.2671875 0.4484375
2 0.31328125 0.83203125 0.1109375 0.0484375
2 0.1390625 0.16171875 0.278125 0.3203125
2 0.39296875 0.8125 0.0203125 0.1
2 0.5578125 0.41875 0.06875 0.04375
2 0.6625 0.15703125 0.025 0.0265625
2 0.83046875 0.76875 0.3390625 0.45
2 0.38046875 0.975 0.0484375 0.03125
1 0.14296875 0.921875 0.0671875 0.03125
2 0.3921875 0.721875 0.015625 0.034375
1 0.575 0.7796875 0.01875 0.015625