1 0.39296875 0.3609375 0.4359375 0.496875
2 0.82265625 0.83046875 0.2359375 0.3265625
1 0.23046875 0.1296875 0.2296875 0.24375
2 0.1375 0.05 0.075 0.1
2 0.27890625 0.20625 0.0546875 0.04375
2 0.81640625 0.9609375 0.0484375 0.0625
2 0.77890625 0.81875 0.0421875 0.11875
2 0.89140625 0.54921875 0.2171875 0.3359375
1 0.19921875 0.78203125 0.0421875 0.0609375
2 0.859375 0.1125 0.28125 0.2125
1 0.9421875 0.78671875 0.03125 0.0484375
2 0.74375 0.73046875 0.06875 0.0859375
1 0.7546875 0.77890625 0.0375 0.0328125
2 0.11796875 0.8875 0.2359375 0.20625
2 0.5109375 0.09453125 0.4 0.1859375
2 0.24375 0.18671875 0.025 0.0234375
2 0.53125 0.45078125 0.01875 0.0265625
2 0.803125 0.9109375 0.021875 0.021875
2 0.2359375 0.16328125 0.025 0.0296875
1 0.32578125 0.99453125 0.0328125 0.0109375
1 0.5609375 0.1484375 0.034375 0.0375
1 0.9125 0.9734375 0.05 0.04375
2 0.34453125 0.23203125 0.0234375 0.0203125
2 0.15078125 0.115625 0.0234375 0.021875