1 0.46875 0.4875 0.2125 0.9625
1 0.4625 0.84375 0.05 0.29375
1 0.53828125 0.08828125 0.0484375 0.1734375
2 0.7765625 0.278125 0.446875 0.55625
1 0.4921875 0.4625 0.075 0.19375
2 0.16796875 0.2234375 0.3234375 0.440625
2 0.45703125 0.80078125 0.0234375 0.0453125
1 0.62421875 0.246875 0.0984375 0.053125
1 0.56875 0.375 0.1 0.13125
2 0.8609375 0.77578125 0.278125 0.4140625
1 0.52421875 0.49765625 0.0515625 0.0421875
1 0.084375 0.05 0.15625 0.0875
1 0.97265625 0.16796875 0.0359375 0.0296875
1 0.26875 0.63046875 0.0625 0.0515625
1 0.79921875 0.48125 0.0546875 0.025
1 0.3234375 0.75625 0.071875 0.16875
1 0.58125 0.65078125 0.01875 0.0171875
1 0.3875 0.63671875 0.01875 0.0296875