2 0.85078125 0.11328125 0.2640625 0.1796875
1 0.5375 0.3640625 0.44375 0.421875
1 0.25 0.6375 0.4875 0.50625
2 0.4 0.496875 0.05625 0.053125
1 0.24765625 0.628125 0.1390625 0.11875
2 0.046875 0.81796875 0.08125 0.0984375
2 0.34140625 0.5484375 0.0828125 0.065625
2 0.1234375 0.73203125 0.065625 0.0453125
2 0.75625 0.16875 0.05625 0.03125
2 0.17265625 0.68828125 0.0359375 0.0359375
2 0.49296875 0.3890625 0.1015625 0.1125
2 0.55 0.10546875 0.35 0.2015625
2 0.06640625 0.784375 0.0328125 0.025
2 0.76875 0.19296875 0.05 0.0265625
2 0.853125 0.32578125 0.284375 0.2921875
2 0.50546875 0.3734375 0.0296875 0.0375
1 0.01796875 0.5578125 0.0203125 0.025
2 0.7921875 0.16171875 0.03125 0.0203125
1 0.21875 0.51796875 0.0375 0.0203125
2 0.19921875 0.6671875 0.0265625 0.028125
2 0.02109375 0.48515625 0.0421875 0.1296875
1 0.971875 0.8875 0.03125 0.0375
2 0.75 0.37421875 0.04375 0.0265625
1 0.01796875 0.36953125 0.0328125 0.0453125
1 0.15703125 0.2796875 0.0296875 0.034375
1 0.43125 0.24765625 0.08125 0.0796875
1 0.5234375 0.9734375 0.0875 0.053125
2 0.29296875 0.5890625 0.0328125 0.028125
1 0.80546875 0.84375 0.0390625 0.0375