1 0.4484375 0.3671875 0.41875 0.525
1 0.525 0.40390625 0.0625 0.3328125
1 0.6 0.575 0.1125 0.125
1 0.53671875 0.85625 0.2921875 0.26875
2 0.15 0.13203125 0.08125 0.0296875
2 0.503125 0.2609375 0.046875 0.065625
1 0.62421875 0.95703125 0.0453125 0.0515625
2 0.92265625 0.56015625 0.1046875 0.0828125
2 0.52890625 0.48125 0.0296875 0.0375
1 0.1234375 0.96796875 0.06875 0.0390625
2 0.1265625 0.08125 0.25 0.15
2 0.55703125 0.8625 0.0578125 0.05
2 0.65078125 0.65625 0.0234375 0.025
1 0.16796875 0.55546875 0.0734375 0.0546875
1 0.25078125 0.5765625 0.0359375 0.04375
2 0.86796875 0.878125 0.2609375 0.24375
1 0.525 0.41328125 0.0375 0.0484375
1 0.23671875 0.14375 0.0390625 0.025