1 0.61328125 0.49921875 0.2015625 0.9765625
1 0.53203125 0.815625 0.0546875 0.36875
2 0.9328125 0.32265625 0.134375 0.2671875
2 0.2796875 0.5015625 0.553125 0.95625
2 0.66171875 0.0875 0.1109375 0.1625
1 0.55546875 0.44296875 0.0515625 0.3609375
2 0.53671875 0.59765625 0.0359375 0.0578125
1 0.60703125 0.46328125 0.0765625 0.0828125
0 0.90703125 0.22421875 0.0359375 0.0953125
2 0.525 0.66953125 0.025 0.0484375
2 0.52578125 0.9625 0.0328125 0.04375
1 0.85703125 0.6046875 0.0734375 0.075
1 0.6328125 0.62890625 0.115625 0.1140625