1 0.50390625 0.462890625 0.984375 0.109375
2 0.2646484375 0.2333984375 0.529296875 0.455078125
2 0.7548828125 0.1845703125 0.490234375 0.357421875
2 0.2587890625 0.767578125 0.517578125 0.43359375
1 0.5439453125 0.451171875 0.169921875 0.0390625
1 0.2255859375 0.173828125 0.154296875 0.09375
2 0.29296875 0.4462890625 0.05078125 0.013671875
1 0.40234375 0.4716796875 0.10546875 0.087890625
1 0.0341796875 0.5537109375 0.041015625 0.021484375
1 0.1171875 0.533203125 0.22265625 0.09375
2 0.7119140625 0.767578125 0.576171875 0.4296875